µÁ—π(V),x÷·(s)
-1.688,0.0
-1.688,0.0008004002001000501
-2.469,0.0016008004002001002
1.438,0.0024012006003001503
0.656,0.0032016008004002003
2.219,0.004002001000500251
-2.078,0.004802401200600301
-2.469,0.005602801400700351
-3.25,0.006403201600800401
-1.297,0.007203601800900451
-0.125,0.008004002001000501
0.656,0.00880440220110055
-1.688,0.009604802401200601
-0.906,0.01040520260130065
-2.078,0.011205602801400701
0.656,0.01200600300150075
-0.516,0.012806403201600801
-1.688,0.013606803401700852
0.656,0.014407203601800901
0.266,0.015207603801900952
0.266,0.016008004002001003
1.438,0.01680840420210105
-1.297,0.0176088044022011
-1.297,0.018409204602301152
-0.125,0.019209604802401203
-0.516,0.020010005002501254
1.828,0.0208104052026013
-1.688,0.02161080540270135
4.953,0.022411205602801403
-0.125,0.023211605802901453
0.266,0.0240120060030015
2.219,0.02481240620310155
3.391,0.025612806403201602
1.047,0.026413206603301653
1.828,0.027213606803401704
0.656,0.02801400700350175
1.438,0.028814407203601802
3.391,0.029614807403701853
0.656,0.030415207603801904
1.828,0.03121560780390195
3.0,0.032016008004002006
2.219,0.03281640820410205
-0.125,0.0336168084042021
1.828,0.034417208604302155
-2.078,0.0352176088044022
-0.906,0.036018009004502256
-0.906,0.036818409204602304
4.172,0.03761880940470235
-3.25,0.038419209604802405
2.219,0.03921960980490245
1.828,0.04002001000500251
1.828,0.040820410205102554
-0.125,0.0416208104052026
0.266,0.042421210605302656
-0.125,0.0432216108054027
3.391,0.04402201100550275
1.828,0.044822411205602805
2.219,0.04562281140570285
-0.906,0.04642321160580291
2.609,0.047223611805902954
1.828,0.048024012006003
0.656,0.048824412206103056
1.438,0.0496248124062031
5.344,0.05042521260630316
-1.297,0.051225612806403205
4.172,0.05202601300650325
1.828,0.052826413206603307
2.609,0.053626813406703354
3.391,0.05442721360680341
0.656,0.055227613806903456
3.0,0.0560280140070035
0.266,0.05682841420710356
-0.906,0.057628814407203605
-2.469,0.05842921460730366
4.953,0.059229614807403706
2.609,0.060030015007503754
-0.516,0.06083041520760381
-0.516,0.061630815407703855
2.609,0.0624312156078039
2.609,0.06323161580790396
2.219,0.06403201600800401
4.172,0.06483241620810405
3.0,0.0656328164082041
2.219,0.06643321660830416
-1.688,0.0672336168084042
2.219,0.06803401700850426
-1.688,0.06883441720860431
2.219,0.06963481740870435
-2.078,0.0704352176088044
3.0,0.07123561780890446
1.828,0.07203601800900451
3.391,0.07283641820910455
3.391,0.07363681840920461
0.656,0.07443721860930466
3.0,0.0752376188094047
0.266,0.07603801900950476
3.391,0.07683841920960481
2.609,0.07763881940970485
2.609,0.0784392196098049
3.391,0.07923961980990496
2.609,0.08004002001000501
2.609,0.08084042021010505
1.047,0.08164082041020511
1.438,0.08244122061030516
3.391,0.0832416208104052
0.656,0.08404202101050526
2.609,0.08484242121060531
4.562,0.08564282141070535
3.391,0.0864432216108054
3.0,0.08724362181090546
1.438,0.0880440220110055
0.656,0.08884442221110556
0.266,0.08964482241120561
2.609,0.09044522261130566
0.656,0.0912456228114057
-0.125,0.09204602301150576
3.0,0.09284642321160581
-0.125,0.09364682341170585
1.828,0.09444722361180591
1.828,0.09524762381190596
1.828,0.096048024012006
4.172,0.09684842421210606
2.609,0.09764882441220611
2.219,0.09844922461230617
3.391,0.0992496248124062
1.438,0.10005002501250626
1.047,0.10085042521260631
3.391,0.10165082541270636
0.266,0.10245122561280641
1.047,0.10325162581290646
2.219,0.1040520260130065
1.438,0.10485242621310656
0.656,0.10565282641320661
-0.906,0.10645322661330665
0.266,0.10725362681340671
-2.078,0.10805402701350676
1.438,0.10885442721360682
4.172,0.10965482741370686
3.391,0.11045522761380691
2.609,0.11125562781390697
0.656,0.112056028014007
1.828,0.11285642821410706
-3.25,0.11365682841420711
0.266,0.11445722861430715
0.266,0.11525762881440721
3.391,0.11605802901450726
3.781,0.11685842921460732
1.438,0.11765882941470736
1.438,0.11845922961480741
4.172,0.11925962981490747
-0.516,0.12006003001500751
1.047,0.12086043021510756
-1.297,0.12166083041520762
1.828,0.12246123061530766
-0.125,0.12326163081540771
-2.469,0.12406203101550776
1.438,0.1248624312156078
1.828,0.12566283141570786
0.266,0.12646323161580791
1.047,0.12726363181590797
-4.812,0.12806403201600802
-0.125,0.12886443221610805
1.047,0.1296648324162081
1.438,0.13046523261630816
1.438,0.1312656328164082
1.438,0.13206603301650827
3.391,0.13286643321660832
-0.125,0.13366683341670837
2.609,0.1344672336168084
1.828,0.13526763381690846
0.266,0.1360680340170085
-1.688,0.13686843421710856
-2.469,0.13766883441720862
-2.859,0.13846923461730867
-0.125,0.1392696348174087
1.047,0.14007003501750875
-2.078,0.1408704352176088
-2.078,0.14167083541770886
-0.516,0.14247123561780892
-0.125,0.14327163581790897
2.219,0.14407203601800903
2.219,0.14487243621810905
-0.516,0.1456728364182091
-1.297,0.14647323661830916
1.828,0.14727363681840921
-0.516,0.14807403701850927
-0.125,0.14887443721860932
-3.641,0.14967483741870938
-0.516,0.1504752376188094
-1.297,0.15127563781890946
0.266,0.1520760380190095
-2.078,0.15287643821910957
-0.516,0.15367683841920962
-2.078,0.15447723861930968
1.047,0.1552776388194097
-0.516,0.15607803901950976
-1.297,0.1568784392196098
-0.125,0.15767883941970987
-0.516,0.15847923961980992
1.438,0.15927963981990997
-2.078,0.16008004002001003
-4.422,0.16088044022011005
-3.25,0.1616808404202101
-1.688,0.16248124062031016
0.266,0.16328164082041022
-2.859,0.16408204102051027
-0.906,0.16488244122061033
-2.859,0.16568284142071035
-0.906,0.1664832416208104
0.266,0.16728364182091046
-0.516,0.16808404202101052
-1.688,0.16888444222111057
-1.688,0.16968484242121062
-3.25,0.17048524262131068
-1.688,0.1712856428214107
-2.469,0.17208604302151076
0.266,0.1728864432216108
1.047,0.17368684342171087
-0.516,0.17448724362181092
-1.688,0.17528764382191098
-5.203,0.176088044022011
-1.688,0.17688844422211106
0.656,0.1776888444222111
-4.812,0.17848924462231117
-1.688,0.17928964482241122
-0.906,0.18009004502251127
-0.906,0.18089044522261133
-0.906,0.18169084542271136
-4.422,0.1824912456228114
-1.688,0.18329164582291146
-3.25,0.18409204602301152
-4.422,0.18489244622311157
-0.906,0.18569284642321163
-2.469,0.18649324662331168
-2.469,0.1872936468234117
-2.078,0.18809404702351176
-1.297,0.18889444722361182
-3.641,0.18969484742371187
-0.906,0.19049524762381193
-0.906,0.19129564782391198
-3.641,0.192096048024012
0.266,0.19289644822411206
-4.031,0.19369684842421211
-1.297,0.19449724862431217
-4.812,0.19529764882441222
-3.25,0.19609804902451228
-2.469,0.19689844922461233
-2.859,0.19769884942471236
-3.25,0.1984992496248124
-3.641,0.19929964982491247
-3.641,0.20010005002501252
-2.469,0.20090045022511258
0.266,0.20170085042521263
-2.859,0.20250125062531266
-0.906,0.2033016508254127
-0.125,0.20410205102551277
-1.688,0.20490245122561282
-0.125,0.20570285142571287
-2.469,0.20650325162581293
-2.078,0.20730365182591298
-3.25,0.208104052026013
-5.203,0.20890445222611306
-7.156,0.20970485242621312
-0.516,0.21050525262631317
-3.25,0.21130565282641323
-3.641,0.21210605302651328
-2.859,0.2129064532266133
-2.859,0.21370685342671336
-0.516,0.21450725362681342
-2.859,0.21530765382691347
-2.078,0.21610805402701352
-0.516,0.21690845422711358
-0.906,0.21770885442721363
-5.203,0.21850925462731366
-4.812,0.2193096548274137
-1.688,0.22011005502751377
-2.078,0.22091045522761382
-6.375,0.22171085542771388
-3.25,0.22251125562781393
-5.594,0.22331165582791396
-2.078,0.224112056028014
-2.469,0.22491245622811407
-1.688,0.22571285642821412
-3.641,0.22651325662831417
-2.859,0.22731365682841423
-1.688,0.22811405702851428
2.609,0.2289144572286143
-3.641,0.22971485742871436
-2.859,0.23051525762881442
-4.812,0.23131565782891447
-5.594,0.23211605802901453
-4.031,0.23291645822911458
-2.469,0.23371685842921464
-0.125,0.23451725862931466
-0.906,0.23531765882941472
-1.297,0.23611805902951477
-2.078,0.23691845922961483
-3.641,0.23771885942971488
-3.641,0.23851925962981493
-1.688,0.23931965982991496
-2.078,0.24012006003001501
-2.859,0.24092046023011507
-0.516,0.24172086043021512
-0.906,0.24252126063031518
-2.859,0.24332166083041523
-2.859,0.24412206103051529
-1.688,0.2449224612306153
-4.031,0.24572286143071537
-3.25,0.24652326163081542
-1.297,0.24732366183091548
-0.516,0.24812406203101553
-4.812,0.24892446223111558
-0.516,0.2497248624312156
2.609,0.2505252626313157
-2.859,0.2513256628314157
-0.906,0.2521260630315158
0.656,0.25292646323161583
0.266,0.25372686343171585
-2.078,0.25452726363181594
-8.719,0.25532766383191596
-0.516,0.25612806403201605
-2.859,0.25692846423211607
-3.641,0.2577288644322161
-0.516,0.2585292646323162
1.047,0.2593296648324162
-0.906,0.2601300650325163
-0.516,0.2609304652326163
-1.688,0.2617308654327164
-0.125,0.2625312656328164
-1.688,0.26333166583291645
-0.906,0.26413206603301653
-0.906,0.26493246623311656
-0.906,0.26573286643321664
-0.125,0.26653326663331667
1.828,0.26733366683341675
-4.812,0.2681340670335168
0.266,0.2689344672336168
-5.203,0.2697348674337169
-2.078,0.2705352676338169
-2.859,0.271335667833917
0.656,0.272136068034017
-1.688,0.2729364682341171
1.047,0.27373686843421713
3.391,0.27453726863431716
-4.812,0.27533766883441724
1.047,0.27613806903451726
-0.906,0.27693846923461735
-2.859,0.2777388694347174
1.047,0.2785392696348174
-2.469,0.2793396698349175
-1.688,0.2801400700350175
0.656,0.2809404702351176
-1.297,0.2817408704352176
1.047,0.2825412706353177
-0.516,0.2833416708354177
0.656,0.28414207103551775
3.0,0.28494247123561783
1.828,0.28574287143571786
-0.516,0.28654327163581794
-0.516,0.28734367183591797
0.656,0.28814407203601805
-1.688,0.2889444722361181
-1.297,0.2897448724362181
0.266,0.2905452726363182
2.219,0.2913456728364182
1.047,0.2921460730365183
-0.516,0.2929464732366183
-0.906,0.2937468734367184
3.0,0.29454727363681843
0.266,0.29534767383691846
1.047,0.29614807403701854
-1.297,0.29694847423711856
-0.906,0.29774887443721865
0.266,0.2985492746373187
1.438,0.29934967483741876
-1.297,0.3001500750375188
1.438,0.3009504752376188
0.656,0.3017508754377189
-0.516,0.3025512756378189
-3.641,0.303351675837919
-0.125,0.304152076038019
2.609,0.30495247623811905
-0.906,0.30575287643821913
1.828,0.30655327663831916
2.219,0.30735367683841924
1.828,0.30815407703851927
2.219,0.30895447723861935
-2.078,0.3097548774387194
1.047,0.3105552776388194
1.828,0.3113556778389195
-0.906,0.3121560780390195
0.656,0.3129564782391196
1.047,0.3137568784392196
3.391,0.3145572786393197
1.438,0.31535767883941973
0.656,0.31615807903951976
0.656,0.31695847923961984
3.0,0.31775887943971987
1.047,0.31855927963981995
3.0,0.31935967983992
1.047,0.32016008004002006
3.781,0.3209604802401201
1.438,0.3217608804402201
0.656,0.3225612806403202
0.266,0.3233616808404202
2.609,0.3241620810405203
-0.516,0.3249624812406203
-0.906,0.32576288144072035
-0.516,0.32656328164082044
3.781,0.32736368184092046
2.609,0.32816408204102054
1.047,0.32896448224112057
-0.125,0.32976488244122065
1.438,0.3305652826413207
3.781,0.3313656828414207
3.0,0.3321660830415208
0.656,0.3329664832416208
3.391,0.3337668834417209
1.828,0.3345672836418209
1.047,0.335367683841921
2.609,0.33616808404202103
2.219,0.33696848424212106
2.609,0.33776888444222114
4.172,0.33856928464232117
2.219,0.33936968484242125
1.438,0.3401700850425213
2.609,0.34097048524262136
1.047,0.3417708854427214
5.344,0.3425712856428214
2.219,0.3433716858429215
4.172,0.3441720860430215
1.047,0.3449724862431216
4.953,0.3457728864432216
2.219,0.3465732866433217
1.047,0.34737368684342174
2.219,0.34817408704352176
0.656,0.34897448724362184
-0.906,0.34977488744372187
1.828,0.35057528764382195
3.391,0.351375687843922
5.344,0.352176088044022
3.0,0.3529764882441221
2.219,0.3537768884442221
4.953,0.3545772886443222
6.906,0.3553776888444222
6.906,0.3561780890445223
3.0,0.35697848924462233
0.656,0.35777888944472236
2.219,0.35857928964482244
-0.125,0.35937968984492247
4.172,0.36018009004502255
2.609,0.3609804902451226
4.562,0.36178089044522266
3.0,0.3625812906453227
4.172,0.3633816908454227
4.172,0.3641820910455228
4.562,0.3649824912456228
3.781,0.3657828914457229
1.828,0.36658329164582293
1.828,0.367383691845923
1.828,0.36818409204602304
3.0,0.36898449224612306
1.828,0.36978489244622315
4.172,0.37058529264632317
3.781,0.37138569284642325
4.562,0.3721860930465233
-1.688,0.37298649324662336
6.125,0.3737868934467234
3.0,0.3745872936468234
6.516,0.3753876938469235
3.0,0.3761880940470235
3.391,0.3769884942471236
0.656,0.37778889444722363
3.781,0.37858929464732366
4.172,0.37938969484742374
3.391,0.38019009504752377
1.828,0.38099049524762385
2.609,0.3817908954477239
3.391,0.38259129564782396
2.609,0.383391695847924
2.219,0.384192096048024
4.953,0.3849924962481241
1.047,0.3857928964482241
3.781,0.3865932966483242
1.047,0.38739369684842423
3.0,0.3881940970485243
0.266,0.38899449724862434
1.828,0.38979489744872436
2.219,0.39059529764882445
3.781,0.3913956978489245
4.562,0.39219609804902456
4.953,0.3929964982491246
3.781,0.39379689844922466
3.781,0.3945972986493247
0.656,0.3953976988494247
4.562,0.3961980990495248
-0.516,0.3969984992496248
6.125,0.3977988994497249
2.219,0.39859929964982493
3.0,0.39939969984992496
2.219,0.40020010005002504
2.609,0.40100050025012507
3.391,0.40180090045022515
4.172,0.4026013006503252
2.219,0.40340170085042526
4.172,0.4042021010505253
5.344,0.4050025012506253
-0.125,0.4058029014507254
2.219,0.4066033016508254
4.562,0.4074037018509255
-0.906,0.40820410205102553
4.172,0.4090045022511256
-2.078,0.40980490245122564
4.562,0.41060530265132567
2.609,0.41140570285142575
0.656,0.4122061030515258
3.781,0.41300650325162586
4.562,0.4138069034517259
0.656,0.41460730365182596
4.562,0.415407703851926
3.0,0.416208104052026
4.172,0.4170085042521261
3.781,0.4178089044522261
2.219,0.4186093046523262
0.656,0.41940970485242623
0.266,0.4202101050525263
2.609,0.42101050525262634
1.047,0.42181090545272637
1.047,0.42261130565282645
4.172,0.4234117058529265
1.438,0.42421210605302656
4.172,0.4250125062531266
3.781,0.4258129064532266
2.219,0.4266133066533267
3.781,0.4274137068534267
1.438,0.4282141070535268
-1.297,0.42901450725362683
1.047,0.4298149074537269
3.781,0.43061530765382694
2.609,0.43141570785392697
2.609,0.43221610805402705
6.125,0.4330165082541271
3.0,0.43381690845422716
1.047,0.4346173086543272
0.266,0.43541770885442727
0.266,0.4362181090545273
1.828,0.4370185092546273
3.0,0.4378189094547274
0.656,0.4386193096548274
1.828,0.4394197098549275
2.219,0.44022011005502754
2.609,0.4410205102551276
-2.469,0.44182091045522764
-2.078,0.44262131065532767
-0.125,0.44342171085542775
1.438,0.4442221110555278
0.656,0.44502251125562786
1.828,0.4458229114557279
-0.516,0.4466233116558279
3.781,0.447423711855928
1.047,0.448224112056028
0.656,0.4490245122561281
1.438,0.44982491245622813
1.047,0.4506253126563282
0.266,0.45142571285642824
-0.906,0.45222611305652827
1.438,0.45302651325662835
0.266,0.4538269134567284
3.0,0.45462731365682846
1.047,0.4554277138569285
-1.297,0.45622811405702857
1.047,0.4570285142571286
-2.078,0.4578289144572286
-0.906,0.4586293146573287
-0.906,0.45942971485742873
-0.516,0.4602301150575288
1.047,0.46103051525762884
-2.469,0.4618309154577289
1.047,0.46263131565782895
-0.516,0.46343171585792897
0.266,0.46423211605802905
0.266,0.4650325162581291
-0.906,0.46583291645822916
0.656,0.4666333166583292
-4.422,0.46743371685842927
-2.859,0.4682341170585293
0.656,0.4690345172586293
2.219,0.4698349174587294
0.656,0.47063531765882943
-0.906,0.4714357178589295
-0.516,0.47223611805902954
-0.906,0.47303651825912957
1.438,0.47383691845922965
-0.125,0.4746373186593297
-3.641,0.47543771885942976
2.609,0.4762381190595298
-0.516,0.47703851925962987
0.656,0.4778389194597299
2.219,0.4786393196598299
-1.297,0.47943971985993
0.656,0.48024012006003003
-3.641,0.4810405202601301
-4.812,0.48184092046023014
1.438,0.4826413206603302
-2.469,0.48344172086043025
1.047,0.4842421210605303
-1.688,0.48504252126063035
-0.125,0.4858429214607304
-0.516,0.48664332166083046
0.266,0.4874437218609305
0.266,0.48824412206103057
-2.469,0.4890445222611306
-2.859,0.4898449224612306
-5.984,0.4906453226613307
-4.031,0.49144572286143073
0.656,0.4922461230615308
1.438,0.49304652326163084
1.047,0.4938469234617309
-2.469,0.49464732366183095
0.656,0.495447723861931
-4.422,0.49624812406203106
-1.297,0.4970485242621311
-3.641,0.49784892446223117
-1.297,0.4986493246623312
-3.641,0.4994497248624312
-2.859,0.5002501250625313
-2.859,0.5010505252626314
-3.25,0.5018509254627314
-0.906,0.5026513256628314
-4.031,0.5034517258629315
0.656,0.5042521260630316
-1.688,0.5050525262631316
-3.25,0.5058529264632317
-1.688,0.5066533266633317
-5.984,0.5074537268634317
-2.078,0.5082541270635318
-3.641,0.5090545272636319
-3.25,0.5098549274637318
-2.469,0.5106553276638319
-0.125,0.511455727863932
-0.125,0.5122561280640321
-2.078,0.5130565282641321
-3.25,0.5138569284642321
-1.297,0.5146573286643322
-4.031,0.5154577288644322
-3.25,0.5162581290645323
-3.641,0.5170585292646324
-2.859,0.5178589294647324
-0.516,0.5186593296648324
-1.297,0.5194597298649325
-4.812,0.5202601300650326
-2.469,0.5210605302651325
-3.25,0.5218609304652326
-2.469,0.5226613306653327
-3.641,0.5234617308654328
-1.297,0.5242621310655328
-2.859,0.5250625312656328
3.781,0.5258629314657329
-4.812,0.5266633316658329
-1.688,0.527463731865933
-6.375,0.5282641320660331
-4.031,0.5290645322661331
-4.031,0.5298649324662331
-2.469,0.5306653326663332
-5.594,0.5314657328664333
-2.469,0.5322661330665333
-3.25,0.5330665332666333
-3.25,0.5338669334667334
-3.641,0.5346673336668335
-2.469,0.5354677338669335
-2.078,0.5362681340670336
-2.078,0.5370685342671336
-5.203,0.5378689344672336
-5.984,0.5386693346673337
-4.812,0.5394697348674338
-2.078,0.5402701350675339
-3.25,0.5410705352676338
-4.031,0.5418709354677339
-0.516,0.542671335667834
-2.859,0.543471735867934
-0.516,0.544272136068034
-2.078,0.5450725362681341
-2.078,0.5458729364682342
-4.031,0.5466733366683342
-2.859,0.5474737368684343
-2.469,0.5482741370685343
-2.078,0.5490745372686343
-3.25,0.5498749374687344
-0.125,0.5506753376688345
-5.203,0.5514757378689346
-4.422,0.5522761380690345
-6.766,0.5530765382691346
-1.688,0.5538769384692347
-5.203,0.5546773386693347
-5.594,0.5554777388694347
-3.641,0.5562781390695348
-2.078,0.5570785392696348
-3.25,0.5578789394697349
-0.516,0.558679339669835
-5.984,0.559479739869935
-4.422,0.560280140070035
-4.031,0.5610805402701351
-3.25,0.5618809404702352
-3.641,0.5626813406703352
-2.859,0.5634817408704352
2.219,0.5642821410705353
-4.422,0.5650825412706354
-2.859,0.5658829414707354
-5.594,0.5666833416708354
-3.25,0.5674837418709355
-3.25,0.5682841420710355
-1.688,0.5690845422711356
-5.594,0.5698849424712357
-0.906,0.5706853426713357
-2.078,0.5714857428714357
-2.859,0.5722861430715358
-2.859,0.5730865432716359
-2.469,0.5738869434717359
-2.469,0.5746873436718359
-7.156,0.575487743871936
-2.469,0.5762881440720361
-2.469,0.5770885442721361
-2.078,0.5778889444722362
-5.984,0.5786893446723362
-2.469,0.5794897448724362
-2.469,0.5802901450725363
-0.906,0.5810905452726364
-0.906,0.5818909454727365
-2.859,0.5826913456728364
-1.688,0.5834917458729365
-2.078,0.5842921460730366
-4.031,0.5850925462731366
-2.469,0.5858929464732366
-2.859,0.5866933466733367
-0.906,0.5874937468734368
-4.031,0.5882941470735368
-5.203,0.5890945472736369
-4.422,0.5898949474737369
-3.641,0.5906953476738369
-2.859,0.591495747873937
-5.203,0.5922961480740371
-4.031,0.5930965482741372
-2.859,0.5938969484742371
-4.422,0.5946973486743372
-0.516,0.5954977488744373
-2.078,0.5962981490745373
-2.078,0.5970985492746373
0.266,0.5978989494747374
-2.078,0.5986993496748375
-4.812,0.5994997498749375
-3.641,0.6003001500750376
-2.469,0.6011005502751376
-3.641,0.6019009504752376
-5.203,0.6027013506753377
-3.641,0.6035017508754378
1.438,0.6043021510755378
-1.688,0.6051025512756378
-4.422,0.6059029514757379
-3.641,0.606703351675838
-0.906,0.607503751875938
-4.422,0.608304152076038
-3.25,0.6091045522761381
-3.25,0.6099049524762381
-1.688,0.6107053526763382
-3.641,0.6115057528764383
-3.641,0.6123061530765384
-3.25,0.6131065532766383
-2.469,0.6139069534767384
-2.469,0.6147073536768385
0.656,0.6155077538769385
-5.984,0.6163081540770385
-3.25,0.6171085542771386
-5.984,0.6179089544772387
-2.859,0.6187093546773387
-4.031,0.6195097548774388
-2.469,0.6203101550775388
0.266,0.6211105552776388
-5.203,0.6219109554777389
-2.859,0.622711355677839
-2.859,0.6235117558779391
-2.469,0.624312156078039
-2.078,0.6251125562781391
-2.078,0.6259129564782392
-2.469,0.6267133566783392
-2.078,0.6275137568784392
-0.516,0.6283141570785393
0.656,0.6291145572786394
-2.469,0.6299149574787394
-4.812,0.6307153576788395
-2.078,0.6315157578789395
-4.422,0.6323161580790395
-2.859,0.6331165582791396
-1.688,0.6339169584792397
0.266,0.6347173586793398
-2.859,0.6355177588794397
-3.641,0.6363181590795398
-1.297,0.6371185592796399
-4.422,0.6379189594797399
-0.125,0.63871935967984
-4.031,0.63951975987994
-4.031,0.6403201600800401
-2.078,0.6411205602801401
-4.422,0.6419209604802402
-0.516,0.6427213606803402
-1.688,0.6435217608804402
-0.906,0.6443221610805403
-4.422,0.6451225612806404
-1.688,0.6459229614807405
-3.25,0.6467233616808404
-2.469,0.6475237618809405
-2.469,0.6483241620810406
-2.859,0.6491245622811406
-2.078,0.6499249624812407
-4.031,0.6507253626813407
-2.469,0.6515257628814407
-1.297,0.6523261630815408
-0.906,0.6531265632816409
-1.688,0.653926963481741
-2.859,0.6547273636818409
-0.906,0.655527763881941
-2.078,0.6563281640820411
-2.078,0.6571285642821411
-2.859,0.6579289644822411
2.609,0.6587293646823412
-3.25,0.6595297648824413
-0.906,0.6603301650825413
-2.469,0.6611305652826414
0.266,0.6619309654827414
0.266,0.6627313656828414
-0.906,0.6635317658829415
1.047,0.6643321660830416
1.047,0.6651325662831417
-2.859,0.6659329664832416
-3.641,0.6667333666833417
-2.469,0.6675337668834418
2.609,0.6683341670835418
0.266,0.6691345672836418
-0.125,0.6699349674837419
-3.641,0.670735367683842
-2.469,0.671535767883942
-5.203,0.6723361680840421
-0.516,0.6731365682841421
0.656,0.6739369684842421
0.656,0.6747373686843422
1.438,0.6755377688844423
2.609,0.6763381690845424
0.656,0.6771385692846423
-2.859,0.6779389694847424
-1.297,0.6787393696848425
-2.078,0.6795397698849425
-4.031,0.6803401700850426
-0.906,0.6811405702851426
-1.688,0.6819409704852427
1.047,0.6827413706853427
-2.078,0.6835417708854428
2.609,0.6843421710855428
1.438,0.6851425712856428
0.266,0.6859429714857429
1.828,0.686743371685843
-2.469,0.6875437718859431
1.047,0.688344172086043
0.656,0.6891445722861431
1.828,0.6899449724862432
1.438,0.6907453726863432
1.828,0.6915457728864433
0.656,0.6923461730865433
-0.906,0.6931465732866434
-1.297,0.6939469734867434
-4.422,0.6947473736868435
-2.469,0.6955477738869436
-3.641,0.6963481740870435
2.609,0.6971485742871436
1.438,0.6979489744872437
2.609,0.6987493746873438
3.0,0.6995497748874437
-0.516,0.7003501750875438
2.219,0.7011505752876439
3.781,0.7019509754877439
-2.078,0.702751375687844
1.828,0.703551775887944
-0.516,0.704352176088044
2.609,0.7051525762881441
-2.469,0.7059529764882442
2.609,0.7067533766883443
1.828,0.7075537768884442
3.0,0.7083541770885443
-0.125,0.7091545772886444
0.656,0.7099549774887444
2.609,0.7107553776888444
-0.125,0.7115557778889445
0.266,0.7123561780890446
4.562,0.7131565782891446
2.219,0.7139569784892447
4.172,0.7147573786893447
2.219,0.7155577788894447
0.656,0.7163581790895448
-1.297,0.7171585792896449
0.266,0.717958979489745
0.656,0.7187593796898449
3.781,0.719559779889945
0.656,0.7203601800900451
0.656,0.7211605802901451
2.609,0.7219609804902452
4.172,0.7227613806903452
1.438,0.7235617808904453
2.609,0.7243621810905453
3.0,0.7251625812906454
3.391,0.7259629814907455
0.656,0.7267633816908454
1.828,0.7275637818909455
3.0,0.7283641820910456
2.609,0.7291645822911457
0.656,0.7299649824912456
-1.688,0.7307653826913457
3.0,0.7315657828914458
6.516,0.7323661830915458
2.219,0.7331665832916459
7.688,0.7339669834917459
1.828,0.734767383691846
5.344,0.735567783891946
-0.125,0.7363681840920461
2.609,0.7371685842921462
3.391,0.7379689844922461
3.391,0.7387693846923462
-0.125,0.7395697848924463
2.219,0.7403701850925464
0.656,0.7411705852926463
4.172,0.7419709854927464
2.219,0.7427713856928465
3.0,0.7435717858929465
7.297,0.7443721860930466
3.781,0.7451725862931466
3.781,0.7459729864932467
4.953,0.7467733866933467
0.656,0.7475737868934468
3.391,0.7483741870935469
2.609,0.7491745872936468
-0.125,0.7499749874937469
-0.906,0.750775387693847
-0.125,0.751575787893947
3.781,0.752376188094047
3.391,0.7531765882941471
4.562,0.7539769884942472
4.172,0.7547773886943472
4.562,0.7555777888944473
6.125,0.7563781890945473
0.656,0.7571785892946473
4.953,0.7579789894947474
1.828,0.7587793896948475
3.391,0.7595797898949476
1.828,0.7603801900950475
3.0,0.7611805902951476
4.562,0.7619809904952477
3.781,0.7627813906953477
5.344,0.7635817908954478
1.047,0.7643821910955478
4.562,0.7651825912956479
4.172,0.7659829914957479
3.0,0.766783391695848
3.391,0.767583791895948
4.172,0.768384192096048
1.828,0.7691845922961481
2.609,0.7699849924962482
3.391,0.7707853926963483
3.391,0.7715857928964482
1.828,0.7723861930965483
2.609,0.7731865932966484
4.172,0.7739869934967484
3.781,0.7747873936968485
-0.125,0.7755877938969485
3.391,0.7763881940970486
4.953,0.7771885942971486
3.391,0.7779889944972487
-0.516,0.7787893946973488
4.953,0.7795897948974487
7.297,0.7803901950975488
3.0,0.7811905952976489
5.734,0.781990995497749
5.344,0.782791395697849
3.391,0.783591795897949
3.391,0.7843921960980491
2.609,0.7851925962981491
6.125,0.7859929964982492
2.609,0.7867933966983492
3.781,0.7875937968984493
-0.906,0.7883941970985493
4.172,0.7891945972986494
3.391,0.7899949974987495
2.609,0.7907953976988494
-0.516,0.7915957978989495
5.344,0.7923961980990496
4.562,0.7931965982991497
3.781,0.7939969984992497
6.906,0.7947973986993497
2.219,0.7955977988994498
5.734,0.7963981990995498
1.047,0.7971985992996499
-0.125,0.79799899949975
3.391,0.7987993996998499
1.828,0.79959979989995
5.734,0.8004002001000501
3.391,0.8012006003001502
3.781,0.8020010005002501
4.562,0.8028014007003502
3.0,0.8036018009004503
5.344,0.8044022011005503
5.734,0.8052026013006504
1.828,0.8060030015007504
4.953,0.8068034017008505
3.781,0.8076038019009505
3.391,0.8084042021010506
1.438,0.8092046023011507
4.562,0.8100050025012506
1.047,0.8108054027013507
1.828,0.8116058029014508
3.0,0.8124062031015509
2.609,0.8132066033016508
3.781,0.8140070035017509
4.562,0.814807403701851
3.781,0.815607803901951
4.953,0.8164082041020511
3.0,0.8172086043021511
3.0,0.8180090045022512
5.344,0.8188094047023512
3.0,0.8196098049024513
0.266,0.8204102051025514
1.828,0.8212106053026513
3.0,0.8220110055027514
4.953,0.8228114057028515
2.219,0.8236118059029516
3.781,0.8244122061030515
4.172,0.8252126063031516
2.609,0.8260130065032517
4.953,0.8268134067033517
3.0,0.8276138069034518
4.172,0.8284142071035518
3.0,0.8292146073036519
4.172,0.8300150075037519
0.656,0.830815407703852
4.172,0.8316158079039521
2.219,0.832416208104052
7.688,0.8332166083041521
1.047,0.8340170085042522
1.438,0.8348174087043523
4.953,0.8356178089044523
3.0,0.8364182091045523
3.0,0.8372186093046524
6.125,0.8380190095047524
1.828,0.8388194097048525
4.172,0.8396198099049526
4.953,0.8404202101050526
1.047,0.8412206103051526
2.219,0.8420210105052527
3.0,0.8428214107053528
4.172,0.8436218109054527
1.047,0.8444222111055528
1.828,0.8452226113056529
5.734,0.8460230115057529
3.781,0.846823411705853
4.562,0.847623811905953
3.391,0.8484242121060531
2.609,0.8492246123061531
4.953,0.8500250125062532
1.438,0.8508254127063533
1.438,0.8516258129064532
3.0,0.8524262131065533
0.656,0.8532266133066534
3.781,0.8540270135067535
1.828,0.8548274137068534
2.609,0.8556278139069535
3.781,0.8564282141070536
1.047,0.8572286143071536
1.047,0.8580290145072537
1.438,0.8588294147073537
1.438,0.8596298149074538
3.391,0.8604302151075538
1.828,0.8612306153076539
1.047,0.862031015507754
2.609,0.8628314157078539
2.219,0.863631815907954
1.828,0.8644322161080541
3.0,0.8652326163081542
4.953,0.8660330165082541
0.266,0.8668334167083542
3.0,0.8676338169084543
0.266,0.8684342171085543
0.266,0.8692346173086544
4.953,0.8700350175087544
2.219,0.8708354177088545
2.609,0.8716358179089545
0.266,0.8724362181090546
3.781,0.8732366183091547
1.828,0.8740370185092546
3.0,0.8748374187093547
3.0,0.8756378189094548
4.953,0.8764382191095549
3.0,0.8772386193096549
3.781,0.8780390195097549
2.219,0.878839419709855
1.438,0.879639819909955
2.219,0.8804402201100551
1.438,0.8812406203101552
-1.297,0.8820410205102552
-0.906,0.8828414207103552
2.219,0.8836418209104553
1.438,0.8844422211105554
0.266,0.8852426213106553
1.438,0.8860430215107554
1.828,0.8868434217108555
3.781,0.8876438219109556
-0.906,0.8884442221110556
-1.688,0.8892446223111556
1.438,0.8900450225112557
-1.688,0.8908454227113557
-1.688,0.8916458229114558
-0.906,0.8924462231115559
3.391,0.8932466233116558
1.828,0.8940470235117559
-0.906,0.894847423711856
-0.125,0.8956478239119561
5.344,0.896448224112056
-1.688,0.8972486243121561
-1.688,0.8980490245122562
1.047,0.8988494247123562
-2.469,0.8996498249124563
0.656,0.9004502251125563
-1.688,0.9012506253126564
1.047,0.9020510255127564
0.656,0.9028514257128565
0.656,0.9036518259129566
2.219,0.9044522261130565
1.828,0.9052526263131566
-3.641,0.9060530265132567
0.656,0.9068534267133568
-0.125,0.9076538269134568
0.656,0.9084542271135568
-3.25,0.9092546273136569
1.047,0.9100550275137569
-1.688,0.910855427713857
0.656,0.911655827913957
-4.031,0.9124562281140571
-2.469,0.9132566283141571
-2.469,0.9140570285142572
-4.031,0.9148574287143573
-6.375,0.9156578289144572
-2.469,0.9164582291145573
2.219,0.9172586293146574
1.828,0.9180590295147575
-2.078,0.9188594297148575
-0.906,0.9196598299149575
1.438,0.9204602301150576
-0.516,0.9212606303151576
0.266,0.9220610305152577
-5.984,0.9228614307153578
1.828,0.9236618309154578
0.656,0.9244622311155578
-0.516,0.9252626313156579
-1.688,0.926063031515758
-4.031,0.9268634317158579
-2.859,0.927663831915958
-5.984,0.9284642321160581
-4.812,0.9292646323161582
-5.594,0.9300650325162582
-4.812,0.9308654327163582
-2.469,0.9316658329164583
-3.641,0.9324662331165583
-1.688,0.9332666333166584
-0.125,0.9340670335167585
0.266,0.9348674337168585
-1.688,0.9356678339169585
-2.469,0.9364682341170586
-4.031,0.9372686343171587
-3.25,0.9380690345172586
-3.25,0.9388694347173587
-2.078,0.9396698349174588
-2.078,0.9404702351175588
-2.078,0.9412706353176589
-2.469,0.942071035517759
-0.125,0.942871435717859
-1.688,0.943671835917959
1.438,0.9444722361180591
-1.688,0.9452726363181592
0.656,0.9460730365182591
-3.641,0.9468734367183592
-2.469,0.9476738369184593
-5.203,0.9484742371185594
-5.203,0.9492746373186594
-4.812,0.9500750375187594
-0.516,0.9508754377188595
-6.375,0.9516758379189595
-7.156,0.9524762381190596
-2.859,0.9532766383191597
-4.031,0.9540770385192597
-0.906,0.9548774387193597
-5.594,0.9556778389194598
0.266,0.9564782391195599
-4.031,0.9572786393196598
-3.25,0.9580790395197599
-1.688,0.95887943971986
-1.688,0.9596798399199601
-5.594,0.9604802401200601
-5.984,0.9612806403201601
-5.594,0.9620810405202602
-5.984,0.9628814407203602
-6.375,0.9636818409204603
-1.297,0.9644822411205604
-3.25,0.9652826413206604
-1.688,0.9660830415207604
-6.766,0.9668834417208605
-0.125,0.9676838419209606
-2.469,0.9684842421210605
-1.297,0.9692846423211606
-2.859,0.9700850425212607
-0.906,0.9708854427213608
-3.25,0.9716858429214608
-2.859,0.9724862431215608
-2.078,0.9732866433216609
-0.906,0.9740870435217609
-2.078,0.974887443721861
-4.812,0.9756878439219611
-2.859,0.9764882441220611
-4.422,0.9772886443221611
-6.375,0.9780890445222612
-3.641,0.9788894447223613
-5.203,0.9796898449224613
-1.688,0.9804902451225613
-4.031,0.9812906453226614
-2.469,0.9820910455227615
-1.297,0.9828914457228615
-5.594,0.9836918459229615
-3.641,0.9844922461230616
-3.25,0.9852926463231616
-3.641,0.9860930465232617
-5.594,0.9868934467233618
-3.25,0.9876938469234618
-4.031,0.9884942471235618
-4.422,0.9892946473236619
-4.031,0.990095047523762
-0.906,0.990895447723862
-3.641,0.991695847923962
-3.641,0.9924962481240621
-4.031,0.9932966483241621
-3.25,0.9940970485242622
-2.859,0.9948974487243623
-2.859,0.9956978489244623
-2.859,0.9964982491245623
-2.859,0.9972986493246624
-3.641,0.9980990495247625
-7.547,0.9988994497248624
-5.984,0.9996998499249625
-2.859,1.0005002501250626
-4.812,1.0013006503251627
-2.078,1.0021010505252628
-4.812,1.0029014507253629
-3.25,1.0037018509254627
-2.078,1.0045022511255628
-4.031,1.0053026513256629
1.047,1.006103051525763
-2.859,1.006903451725863
-2.859,1.0077038519259631
-2.469,1.0085042521260632
-8.719,1.009304652326163
-2.078,1.0101050525262631
-4.031,1.0109054527263632
-0.906,1.0117058529264633
-1.688,1.0125062531265634
-3.25,1.0133066533266635
-4.812,1.0141070535267633
-4.422,1.0149074537268634
-4.031,1.0157078539269635
-4.422,1.0165082541270636
-0.906,1.0173086543271637
-4.031,1.0181090545272637
-4.031,1.0189094547273638
-2.078,1.0197098549274637
-1.688,1.0205102551275638
-2.078,1.0213106553276639
-2.859,1.022111055527764
-1.297,1.022911455727864
-3.641,1.023711855927964
-5.203,1.0245122561280642
-1.688,1.025312656328164
-0.125,1.0261130565282641
-3.25,1.0269134567283642
-3.25,1.0277138569284643
-1.297,1.0285142571285644
-0.516,1.0293146573286645
1.047,1.0301150575287645
-4.812,1.0309154577288644
-5.594,1.0317158579289645
-2.859,1.0325162581290646
-4.812,1.0333166583291646
-4.031,1.0341170585292647
-8.328,1.0349174587293648
-1.688,1.0357178589294649
-4.812,1.0365182591295647
-4.812,1.0373186593296648
-2.078,1.038119059529765
-0.906,1.038919459729865
-2.469,1.039719859929965
0.266,1.0405202601300652
-2.469,1.0413206603301652
-4.031,1.042121060530265
0.266,1.0429214607303652
0.266,1.0437218609304653
-1.297,1.0445222611305653
-0.906,1.0453226613306654
-4.031,1.0461230615307655
-5.984,1.0469234617308656
-3.641,1.0477238619309654
-0.906,1.0485242621310655
-2.078,1.0493246623311656
-0.125,1.0501250625312657
-1.688,1.0509254627313658
-2.078,1.0517258629314659
-2.469,1.052526263131566
-2.469,1.0533266633316658
-5.203,1.0541270635317659
-1.688,1.054927463731866
-4.031,1.055727863931966
-0.906,1.0565282641320661
-3.641,1.0573286643321662
-0.906,1.0581290645322663
0.656,1.0589294647323662
-1.688,1.0597298649324662
-1.297,1.0605302651325663
-3.25,1.0613306653326664
0.266,1.0621310655327665
-1.688,1.0629314657328666
-1.297,1.0637318659329666
-4.031,1.0645322661330665
1.047,1.0653326663331666
-3.25,1.0661330665332667
-2.469,1.0669334667333668
-0.125,1.0677338669334668
0.266,1.068534267133567
-2.078,1.069334667333667
-1.688,1.0701350675337669
-2.859,1.070935467733867
0.266,1.071735867933967
-4.031,1.072536268134067
0.266,1.0733366683341672
-3.25,1.0741370685342673
0.266,1.0749374687343674
-2.859,1.0757378689344672
-0.516,1.0765382691345673
-0.125,1.0773386693346674
-4.422,1.0781390695347675
-0.516,1.0789394697348675
-4.031,1.0797398699349676
-4.422,1.0805402701350677
-1.297,1.0813406703351676
1.438,1.0821410705352676
1.828,1.0829414707353677
-1.688,1.0837418709354678
0.266,1.084542271135568
-0.516,1.085342671335668
-2.078,1.086143071535768
1.438,1.086943471735868
-2.859,1.087743871935968
-0.516,1.088544272136068
-2.078,1.0893446723361682
-2.859,1.0901450725362682
-1.297,1.0909454727363683
-2.078,1.0917458729364684
3.0,1.0925462731365683
0.656,1.0933466733366684
-2.469,1.0941470735367684
-0.516,1.0949474737368685
-0.516,1.0957478739369686
-0.516,1.0965482741370687
1.438,1.0973486743371688
-1.688,1.0981490745372686
-0.125,1.0989494747373687
-2.078,1.0997498749374688
-0.125,1.1005502751375689
-0.125,1.101350675337669
-2.469,1.102151075537769
-1.688,1.1029514757378691
-3.25,1.103751875937969
-2.469,1.104552276138069
-3.641,1.1053526763381691
-0.125,1.1061530765382692
0.656,1.1069534767383693
1.438,1.1077538769384694
0.266,1.1085542771385695
-0.516,1.1093546773386693
-0.516,1.1101550775387694
1.828,1.1109554777388695
-4.422,1.1117558779389696
0.656,1.1125562781390697
-2.078,1.1133566783391697
-0.516,1.1141570785392696
-2.078,1.1149574787393697
1.828,1.1157578789394698
-1.688,1.1165582791395698
-2.078,1.11735867933967
0.656,1.11815907953977
-2.078,1.11895947973987
-0.125,1.11975987993997
-1.297,1.12056028014007
1.438,1.1213606803401701
2.219,1.1221610805402702
-0.906,1.1229614807403703
0.266,1.1237618809404704
1.438,1.1245622811405704
-3.25,1.1253626813406703
1.047,1.1261630815407704
-0.906,1.1269634817408705
-0.125,1.1277638819409705
-0.125,1.1285642821410706
0.656,1.1293646823411707
0.656,1.1301650825412708
-3.25,1.1309654827413707
1.047,1.1317658829414707
1.438,1.1325662831415708
-1.688,1.133366683341671
1.047,1.134167083541771
-0.125,1.134967483741871
-0.906,1.1357678839419711
0.266,1.136568284142071
-0.906,1.137368684342171
2.609,1.1381690845422712
-0.516,1.1389694847423713
1.047,1.1397698849424713
1.047,1.1405702851425714
1.047,1.1413706853426715
-1.688,1.1421710855427714
1.828,1.1429714857428714
-0.516,1.1437718859429715
-1.297,1.1445722861430716
-2.078,1.1453726863431717
1.047,1.1461730865432718
1.047,1.1469734867433719
-0.125,1.1477738869434717
2.219,1.1485742871435718
0.656,1.1493746873436719
0.266,1.150175087543772
0.266,1.150975487743872
-1.297,1.1517758879439721
-2.078,1.1525762881440722
-2.078,1.153376688344172
1.828,1.1541770885442721
-0.125,1.1549774887443722
0.266,1.1557778889444723
1.047,1.1565782891445724
3.0,1.1573786893446725
-2.469,1.1581790895447726
-3.25,1.1589794897448724
1.438,1.1597798899449725
-2.469,1.1605802901450726
1.828,1.1613806903451727
0.656,1.1621810905452727
2.219,1.1629814907453728
1.047,1.163781890945473
-4.031,1.1645822911455728
-0.125,1.1653826913456728
0.266,1.166183091545773
-2.469,1.166983491745873
0.266,1.167783891945973
0.266,1.1685842921460732
1.438,1.1693846923461733
-0.516,1.1701850925462731
1.438,1.1709854927463732
-1.297,1.1717858929464733
-0.906,1.1725862931465734
-1.297,1.1733866933466734
-0.516,1.1741870935467735
1.438,1.1749874937468736
3.0,1.1757878939469735
2.219,1.1765882941470736
-1.688,1.1773886943471736
-2.859,1.1781890945472737
-1.688,1.1789894947473738
-1.297,1.1797898949474739
3.0,1.180590295147574
-0.516,1.1813906953476738
0.656,1.182191095547774
0.266,1.182991495747874
0.266,1.183791895947974
-0.125,1.1845922961480742
-1.688,1.1853926963481742
3.391,1.1861930965482743
1.828,1.1869934967483742
-0.906,1.1877938969484743
-2.469,1.1885942971485743
1.047,1.1893946973486744
-1.297,1.1901950975487745
-0.125,1.1909954977488746
-2.469,1.1917958979489747
1.438,1.1925962981490745
-0.516,1.1933966983491746
3.391,1.1941970985492747
1.047,1.1949974987493748
2.219,1.1957978989494749
1.828,1.196598299149575
0.656,1.197398699349675
-1.297,1.1981990995497749
1.047,1.198999499749875
-3.25,1.199799899949975
2.219,1.2006003001500751
-0.516,1.2014007003501752
-0.906,1.2022011005502753
1.828,1.2030015007503754
1.828,1.2038019009504752
-1.688,1.2046023011505753
-2.859,1.2054027013506754
2.219,1.2062031015507755
2.609,1.2070035017508756
0.266,1.2078039019509756
1.828,1.2086043021510755
-0.906,1.2094047023511756
1.828,1.2102051025512757
-0.906,1.2110055027513758
3.0,1.2118059029514758
0.266,1.212606303151576
0.266,1.213406703351676
0.656,1.2142071035517759
-0.516,1.215007503751876
-1.688,1.215807903951976
-1.688,1.216608304152076
1.438,1.2174087043521762
2.609,1.2182091045522763
-0.125,1.2190095047523763
2.609,1.2198099049524762
-3.641,1.2206103051525763
-2.078,1.2214107053526764
-3.641,1.2222111055527765
1.438,1.2230115057528765
1.047,1.2238119059529766
0.266,1.2246123061530767
1.828,1.2254127063531766
-0.125,1.2262131065532766
1.828,1.2270135067533767
3.0,1.2278139069534768
1.828,1.228614307153577
0.656,1.229414707353677
-2.078,1.230215107553777
-2.859,1.231015507753877
3.0,1.231815907953977
1.047,1.232616308154077
-0.125,1.2334167083541772
3.0,1.2342171085542772
2.219,1.2350175087543773
-1.688,1.2358179089544774
-1.297,1.2366183091545773
-1.688,1.2374187093546773
1.828,1.2382191095547774
-2.469,1.2390195097548775
1.438,1.2398199099549776
0.656,1.2406203101550777
0.266,1.2414207103551778
0.266,1.2422211105552776
-0.125,1.2430215107553777
3.781,1.2438219109554778
-2.078,1.2446223111555779
-1.297,1.245422711355678
-2.078,1.246223111555778
2.609,1.2470235117558781
1.828,1.247823911955978
1.828,1.248624312156078
1.047,1.2494247123561781
2.609,1.2502251125562782
-1.688,1.2510255127563783
4.172,1.2518259129564784
-2.078,1.2526263131565785
2.609,1.2534267133566783
1.828,1.2542271135567784
3.781,1.2550275137568785
1.047,1.2558279139569786
4.172,1.2566283141570787
0.656,1.2574287143571787
2.219,1.2582291145572788
-1.297,1.2590295147573787
1.438,1.2598299149574788
-1.688,1.2606303151575788
-2.078,1.261430715357679
1.828,1.262231115557779
-0.125,1.263031515757879
2.219,1.2638319159579792
0.266,1.264632316158079
3.781,1.265432716358179
3.0,1.2662331165582792
-0.516,1.2670335167583793
0.266,1.2678339169584794
1.047,1.2686343171585794
2.609,1.2694347173586795
-0.906,1.2702351175587794
2.219,1.2710355177588795
2.219,1.2718359179589795
-2.859,1.2726363181590796
2.219,1.2734367183591797
0.266,1.2742371185592798
1.438,1.2750375187593799
1.828,1.2758379189594797
0.656,1.2766383191595798
1.438,1.27743871935968
-0.516,1.27823911955978
2.609,1.27903951975988
2.609,1.2798399199599801
3.781,1.2806403201600802
1.828,1.28144072036018
0.656,1.2822411205602802
-0.516,1.2830415207603802
1.047,1.2838419209604803
-0.906,1.2846423211605804
1.047,1.2854427213606805
1.828,1.2862431215607806
3.391,1.2870435217608804
2.609,1.2878439219609805
3.391,1.2886443221610806
4.172,1.2894447223611807
2.609,1.2902451225612808
0.656,1.2910455227613808
-1.297,1.291845922961481
0.266,1.2926463231615808
1.828,1.2934467233616809
2.609,1.294247123561781
3.0,1.295047523761881
4.172,1.2958479239619811
2.609,1.2966483241620812
1.438,1.2974487243621813
0.266,1.2982491245622811
1.438,1.2990495247623812
1.047,1.2998499249624813
3.391,1.3006503251625814
4.562,1.3014507253626815
0.266,1.3022511255627816
0.266,1.3030515257628814
1.438,1.3038519259629815
1.047,1.3046523261630816
2.609,1.3054527263631817
0.266,1.3062531265632817
1.828,1.3070535267633818
0.656,1.307853926963482
1.438,1.3086543271635818
0.656,1.3094547273636818
3.0,1.310255127563782
1.047,1.311055527763882
3.781,1.311855927963982
1.438,1.3126563281640822
0.656,1.3134567283641823
1.047,1.3142571285642821
4.562,1.3150575287643822
1.828,1.3158579289644823
3.391,1.3166583291645824
0.266,1.3174587293646824
3.781,1.3182591295647825
0.266,1.3190595297648826
1.438,1.3198599299649825
0.656,1.3206603301650826
0.266,1.3214607303651826
2.219,1.3222611305652827
1.438,1.3230615307653828
2.609,1.3238619309654829
1.828,1.324662331165583
-0.516,1.3254627313656828
3.781,1.326263131565783
3.0,1.327063531765883
2.609,1.327863931965983
3.781,1.3286643321660832
1.438,1.3294647323661832
0.656,1.3302651325662833
-0.516,1.3310655327663832
2.219,1.3318659329664833
0.266,1.3326663331665833
2.219,1.3334667333666834
-0.906,1.3342671335667835
2.219,1.3350675337668836
1.828,1.3358679339669837
1.828,1.3366683341670835
1.828,1.3374687343671836
0.656,1.3382691345672837
-1.297,1.3390695347673838
0.266,1.3398699349674839
1.828,1.340670335167584
3.781,1.341470735367684
1.438,1.3422711355677839
1.047,1.343071535767884
-1.297,1.343871935967984
0.656,1.3446723361680841
-0.125,1.3454727363681842
-0.516,1.3462731365682843
-1.297,1.3470735367683844
4.172,1.3478739369684842
-1.297,1.3486743371685843
4.172,1.3494747373686844
-0.125,1.3502751375687845
3.391,1.3510755377688846
4.562,1.3518759379689846
5.344,1.3526763381690847
-1.297,1.3534767383691846
1.828,1.3542771385692847
-0.125,1.3550775387693847
2.219,1.3558779389694848
-3.25,1.356678339169585
1.438,1.357478739369685
-1.297,1.358279139569785
6.516,1.359079539769885
-2.469,1.359879939969985
2.609,1.360680340170085
1.438,1.3614807403701852
1.438,1.3622811405702853
-0.125,1.3630815407703853
1.047,1.3638819409704854
1.828,1.3646823411705853
1.047,1.3654827413706854
2.219,1.3662831415707855
3.0,1.3670835417708855
-1.297,1.3678839419709856
2.219,1.3686843421710857
1.438,1.3694847423711858
-2.859,1.3702851425712856
1.438,1.3710855427713857
-2.469,1.3718859429714858
3.781,1.3726863431715859
1.438,1.373486743371686
4.562,1.374287143571786
3.781,1.3750875437718861
3.781,1.375887943971986
1.828,1.376688344172086
-0.906,1.3774887443721862
2.609,1.3782891445722862
1.438,1.3790895447723863
-1.297,1.3798899449724864
2.609,1.3806903451725865
0.266,1.3814907453726863
-1.297,1.3822911455727864
1.828,1.3830915457728865
0.266,1.3838919459729866
0.656,1.3846923461730867
1.828,1.3854927463731868
1.047,1.3862931465732868
3.0,1.3870935467733867
-0.906,1.3878939469734868
1.438,1.3886943471735869
-4.031,1.389494747373687
-0.125,1.390295147573787
-0.906,1.391095547773887
2.219,1.3918959479739872
-2.469,1.392696348174087
1.438,1.3934967483741871
0.266,1.3942971485742872
1.438,1.3950975487743873
-0.125,1.3958979489744874
1.828,1.3966983491745875
1.438,1.3974987493746875
1.438,1.3982991495747874
1.047,1.3990995497748875
-4.422,1.3998999499749876
-2.078,1.4007003501750876
-1.688,1.4015007503751877
-1.688,1.4023011505752878
0.266,1.4031015507753877
-1.688,1.4039019509754878
-0.125,1.4047023511755878
4.562,1.405502751375688
1.438,1.406303151575788
-2.078,1.407103551775888
-2.078,1.4079039519759882
-1.297,1.408704352176088
-2.859,1.409504752376188
-4.422,1.4103051525762882
-0.125,1.4111055527763883
-0.125,1.4119059529764884
1.047,1.4127063531765884
1.438,1.4135067533766885
-0.516,1.4143071535767884
-1.688,1.4151075537768885
1.828,1.4159079539769885
-1.297,1.4167083541770886
-0.516,1.4175087543771887
-4.031,1.4183091545772888
0.656,1.4191095547773889
-0.125,1.4199099549774887
-1.297,1.4207103551775888
1.047,1.421510755377689
-1.297,1.422311155577789
-1.688,1.423111555777889
-2.469,1.4239119559779891
-0.125,1.4247123561780892
-1.688,1.425512756378189
-1.688,1.4263131565782892
-3.25,1.4271135567783892
-0.125,1.4279139569784893
0.266,1.4287143571785894
0.266,1.4295147573786895
1.047,1.4303151575787896
-2.078,1.4311155577788894
-2.078,1.4319159579789895
-4.422,1.4327163581790896
-2.469,1.4335167583791897
-1.297,1.4343171585792898
0.266,1.4351175587793898
-2.078,1.43591795897949
1.047,1.4367183591795898
-2.469,1.4375187593796899
-0.125,1.43831915957979
-2.078,1.43911955977989
-0.125,1.4399199599799901
1.047,1.4407203601800902
-4.812,1.4415207603801903
-0.125,1.4423211605802901
-1.297,1.4431215607803902
-3.25,1.4439219609804903
-1.688,1.4447223611805904
-2.469,1.4455227613806905
-2.469,1.4463231615807906
-3.641,1.4471235617808906
-3.25,1.4479239619809905
-4.812,1.4487243621810906
-3.25,1.4495247623811907
-0.125,1.4503251625812907
-4.422,1.4511255627813908
-1.688,1.451925962981491
-2.469,1.452726363181591
1.438,1.4535267633816908
-0.516,1.454327163581791
-5.203,1.455127563781891
-0.906,1.455927963981991
-5.984,1.4567283641820912
-3.641,1.4575287643821913
-3.641,1.4583291645822913
-0.125,1.4591295647823912
-5.203,1.4599299649824913
-2.469,1.4607303651825914
-4.422,1.4615307653826914
-0.125,1.4623311655827915
-5.203,1.4631315657828916
-0.906,1.4639319659829917
-2.859,1.4647323661830915
-0.906,1.4655327663831916
-1.688,1.4663331665832917
-1.297,1.4671335667833918
-0.125,1.4679339669834919
-0.125,1.468734367183592
-4.422,1.469534767383692
-4.031,1.470335167583792
-4.422,1.471135567783892
-5.984,1.471935967983992
-3.641,1.4727363681840921
-2.078,1.4735367683841922
-4.031,1.4743371685842923
-4.031,1.4751375687843924
-0.125,1.4759379689844923
-0.906,1.4767383691845923
-4.031,1.4775387693846924
-0.516,1.4783391695847925
-5.594,1.4791395697848926
-6.766,1.4799399699849927
-5.984,1.4807403701850927
-5.984,1.4815407703851926
-2.859,1.4823411705852927
-1.688,1.4831415707853928
-0.516,1.4839419709854929
-3.641,1.484742371185593
-1.297,1.485542771385693
-2.078,1.486343171585793
-2.859,1.487143571785893
-2.078,1.487943971985993
-1.688,1.4887443721860931
-5.203,1.4895447723861932
-0.906,1.4903451725862933
-3.641,1.4911455727863934
-4.031,1.4919459729864935
-1.297,1.4927463731865933
-5.594,1.4935467733866934
-5.203,1.4943471735867935
-4.031,1.4951475737868936
-1.297,1.4959479739869936
-3.25,1.4967483741870937
-4.812,1.4975487743871936
-1.297,1.4983491745872937
-4.422,1.4991495747873937
1.047,1.4999499749874938
-4.031,1.500750375187594
-0.906,1.501550775387694
-6.375,1.502351175587794
-1.688,1.503151575787894
-4.422,1.503951975987994
-4.422,1.504752376188094
-2.859,1.5055527763881942
-3.641,1.5063531765882943
-2.078,1.5071535767883943
-1.688,1.5079539769884944
-2.859,1.5087543771885943
-4.031,1.5095547773886944
-2.469,1.5103551775887945
-2.859,1.5111555777888945
-5.984,1.5119559779889946
-4.422,1.5127563781890947
-4.812,1.5135567783891948
-6.375,1.5143571785892946
-1.688,1.5151575787893947
-1.297,1.5159579789894948
-2.469,1.5167583791895949
-4.812,1.517558779389695
-1.297,1.518359179589795
-8.719,1.5191595797898951
-1.297,1.519959979989995
-7.156,1.520760380190095
-3.25,1.5215607803901952
-3.641,1.5223611805902952
-0.516,1.5231615807903953
-2.859,1.5239619809904954
-1.688,1.5247623811905955
-0.516,1.5255627813906953
-2.469,1.5263631815907954
-6.766,1.5271635817908955
-4.812,1.5279639819909956
-7.156,1.5287643821910957
-1.297,1.5295647823911958
-5.203,1.5303651825912958
-1.688,1.5311655827913957
0.266,1.5319659829914958
-3.641,1.5327663831915959
-2.859,1.533566783391696
-4.422,1.534367183591796
-0.516,1.535167583791896
-2.469,1.5359679839919962
-2.469,1.536768384192096
-3.25,1.5375687843921961
-2.078,1.5383691845922962
-2.078,1.5391695847923963
-1.688,1.5399699849924964
-1.297,1.5407703851925965
-6.766,1.5415707853926965
-2.859,1.5423711855927964
-2.078,1.5431715857928965
-1.297,1.5439719859929966
-2.078,1.5447723861930966
-1.297,1.5455727863931967
-0.125,1.5463731865932968
-0.516,1.547173586793397
-0.125,1.5479739869934968
-2.078,1.5487743871935968
-4.031,1.549574787393697
-5.984,1.550375187593797
-6.766,1.551175587793897
-7.547,1.5519759879939972
-0.516,1.5527763881940972
-2.469,1.553576788394197
-0.125,1.5543771885942972
-2.469,1.5551775887943973
-0.125,1.5559779889944974
-0.516,1.5567783891945974
-0.516,1.5575787893946975
-4.422,1.5583791895947976
-0.516,1.5591795897948975
-3.25,1.5599799899949975
-1.297,1.5607803901950976
-4.031,1.5615807903951977
-2.078,1.5623811905952978
-0.906,1.5631815907953979
-2.469,1.563981990995498
-3.25,1.5647823911955978
-4.031,1.565582791395698
-1.297,1.566383191595798
-0.906,1.567183591795898
-1.688,1.5679839919959981
-1.297,1.5687843921960982
-2.859,1.5695847923961983
1.047,1.5703851925962982
-0.125,1.5711855927963982
-0.906,1.5719859929964983
-0.906,1.5727863931965984
-0.906,1.5735867933966985
-5.203,1.5743871935967986
-2.859,1.5751875937968987
-0.125,1.5759879939969985
-0.906,1.5767883941970986
0.266,1.5775887943971987
-0.906,1.5783891945972988
-3.25,1.5791895947973988
-2.078,1.579989994997499
0.656,1.580790395197599
-0.125,1.5815907953976989
-0.516,1.582391195597799
-1.688,1.583191595797899
-2.859,1.5839919959979991
4.172,1.5847923961980992
-0.125,1.5855927963981993
-0.125,1.5863931965982994
-2.859,1.5871935967983992
-3.25,1.5879939969984993
-1.688,1.5887943971985994
-4.422,1.5895947973986995
-5.203,1.5903951975987995
1.047,1.5911955977988996
-1.297,1.5919959979989995
-2.469,1.5927963981990996
2.609,1.5935967983991997
-2.078,1.5943971985992997
0.656,1.5951975987993998
-1.297,1.5959979989995
1.438,1.5967983991996
-2.859,1.5975987993996998
17.062,1.5983991995998
17.062,1.5991995997999
17.062,1.6
