电压(V),x轴(s)
0.55330625,0.0
-0.7742937500000001,0.0008004002001
-0.8524437500000006,0.0016008004002001
-1.4000437500000003,0.0024012006003001
-0.32083125000000023,0.0032016008004002
-0.16423125000000016,0.0040020010005002
0.07051874999999985,0.0048024012006003
-0.08608125000000019,0.0056028014007003
-0.6644250000000003,0.0064032016008004
-0.11782500000000022,0.0072036018009004
-0.15687500000000015,0.0080040020010005
-0.15687500000000015,0.0088044022011005
-0.4450875000000001,0.0096048024012006
0.49251250000000013,0.0104052026013006
1.2740125000000002,0.0112056028014007
-1.2265875000000002,0.0120060030015007
-0.22769375000000036,0.0128064032016008
-1.1652937500000005,0.0136068034017008
-1.0090437500000002,0.0144072036018009
-0.8524437500000005,0.0152076038019009
0.22676875000000013,0.016008004002001
0.07016875000000009,0.016808404202101
1.2425187500000003,0.0176088044022011
-0.08608124999999998,0.0184092046023011
0.02413749999999995,0.0192096048024012
-0.1324625000000001,0.0200100050025012
-0.7572125000000002,0.0208104052026013
0.5703874999999999,0.0216108054027013
0.3513250000000001,0.0224112056028014
0.5069250000000002,0.0232116058029014
0.27317500000000006,0.0240120060030015
-1.4464250000000005,0.0248124062031015
-0.2276937500000003,0.0256128064032016
-0.3842937500000004,0.0264132066033016
-0.6180437500000006,0.0272136068034017
-0.46244375000000043,0.0280140070035017
0.07051874999999982,0.0288144072036018
-0.47708125000000023,0.0296148074037018
-0.16423125000000033,0.0304152076038019
-0.7108312500000005,0.0312156078039019
-0.4844125000000003,0.032016008004002
-0.4844125000000003,0.032816408204102
1.1961375000000003,0.0336168084042021
-0.13246250000000004,0.0344172086043021
-0.3525500000000001,0.0352176088044022
0.19505,0.0360180090045022
-0.07875000000000004,0.0368184092046023
-0.07875000000000007,0.0376188094047023
0.006706249999999914,0.0384192096048024
0.16330624999999996,0.0392196098049024
0.3195562500000002,0.0400200100050025
-1.4000437500000003,0.0408204102051025
-0.32083125000000007,0.0416208104052026
0.22676875000000005,0.0424212106053026
0.07051875000000005,0.0432216108054027
-0.08608125,0.0440220110055027
0.5703875000000003,0.0448224112056028
-0.36721249999999994,0.0456228114057028
0.6485375000000002,0.0464232116058029
0.8051375000000001,0.0472236118059029
-0.2740750000000002,0.048024012006003
-0.43067500000000025,0.048824412206103
-1.8364250000000002,0.0496248124062031
0.6631750000000002,0.0504252126063031
0.13429375000000018,0.0512256128064032
-0.02230624999999986,0.0520260130065032
0.2124437500000005,0.0528264132066033
3.493043750000001,0.0536268134067033
-0.8667687500000002,0.0544272136068034
0.8518312500000002,0.0552276138069034
-0.04671874999999992,0.0560280140070035
-0.04671874999999992,0.0568284142071035
-0.13217499999999988,0.0576288144072036
0.41442500000000015,0.0584292146073036
-1.5389250000000003,0.0592296148074037
0.9616750000000002,0.0600300150075037
-0.11753750000000007,0.0608304152076038
-1.0551375,0.0616308154077038
-0.8203875,0.0624312156078039
1.6792125000000004,0.0632316158079039
0.25020937500000007,0.064032016008004
-0.6873906250000003,0.064832416208104
0.48395937500000014,0.0656328164082041
0.32835937500000006,0.0664332166083041
1.1731718750000004,0.0672336168084042
-0.15542812500000003,0.0680340170085042
0.000821875000000194,0.0688344172086043
0.5474218750000003,0.0696348174087043
0.5868718750000003,0.0704352176088044
0.5868718750000003,0.0712356178089044
0.31357187500000033,0.0720360180090045
0.8601718750000003,0.0728364182091045
-0.06251562500000019,0.0736368184092046
0.875084375,0.0744372186093046
-1.0782656249999998,0.0752376188094047
-0.1406656249999999,0.0760380190095047
-0.0003374999999999906,0.0768384192096048
-0.0003374999999999906,0.0776388194097048
0.8982125000000003,0.0784392196098049
-0.43038750000000014,0.0792396198099049
-1.147925,0.080040020010005
1.3526750000000003,0.080840420210105
-0.13217499999999993,0.0816408204102051
0.41442500000000015,0.0824412206103051
0.1342937500000001,0.0832416208104052
-0.022306249999999944,0.0840420210105052
-0.5695562500000002,0.0848424212106053
2.7120437500000008,0.0856428214107053
0.6952312500000004,0.0864432216108054
0.8518312500000003,0.0872436218109054
-1.8825187500000005,0.0880440220110055
1.00808125,0.0888444222111055
-1.1018312499999998,0.0896448224112056
0.6167687500000001,0.0904452226113056
0.30491875000000024,0.0912456228114057
1.2425187500000003,0.0920460230115057
0.55330625,0.0928464232116058
-1.5562937500000005,0.0936468234117058
-1.0090437500000002,0.0944472236118059
-0.07144375000000025,0.0952476238119059
0.14133750000000006,0.096048024012006
0.14133750000000006,0.096848424212106
-0.36721250000000005,0.0976488244122061
0.5703875000000002,0.0984492246123061
0.27317500000000017,0.0992496248124062
-2.227425,0.1000500250125062
0.8979250000000001,0.1008504252126063
0.35132500000000016,0.1016508254127063
1.3062937500000005,0.1024512256128064
0.36869375000000026,0.1032516258129064
0.9934437500000006,0.1040520260130065
1.5400437500000008,0.1048524262131065
0.85183125,0.1056528264132066
-1.2577687500000003,0.1064532266133066
0.6170812499999999,0.1072536268134067
-1.10151875,0.1080540270135067
0.9226250000000007,0.1088544272136068
0.9226250000000007,0.1096548274137068
0.41507500000000047,0.1104552276138069
0.5706750000000006,0.1112556278139069
0.8982124999999999,0.112056028014007
-1.9923875000000006,0.112856428214107
-1.4461375000000003,0.1136568284142071
-0.11753750000000039,0.1144572286143071
0.533259375,0.1152576288144072
-0.7943406250000001,0.1160580290145072
-1.4200906250000003,0.1168584292146073
1.080509375,0.1176588294147073
-0.10612812500000002,0.1184592296148074
0.44047187500000007,0.1192596298149074
-0.34087812500000014,0.1200600300150075
-0.18427812500000007,0.1208604302151075
0.25312812500000004,0.1216608304152076
-1.0754718749999999,0.1224612306153076
0.8778781250000001,0.1232616308154077
-1.6227218750000003,0.1240620310155077
0.003740625000000025,0.1248624312156078
0.16034062500000007,0.1256628314157078
2.7380906250000008,0.1264632316158079
-0.5435093750000002,0.1272636318159079
0.14133750000000006,0.128064032016008
0.14133750000000006,0.128864432216108
-0.36721250000000016,0.1296648324162081
-0.2106125000000001,0.1304652326163081
-1.8364250000000004,0.1312656328164082
-0.5088250000000005,0.1320660330165082
-0.43067500000000003,0.1328664332166083
1.6789250000000004,0.1336668334167083
0.22676874999999996,0.1344672336168084
-1.8828312500000004,0.1352676338169084
0.8515187500000002,0.1360680340170085
-0.47708125000000023,0.1368684342171085
-1.40004375,0.1376688344172086
-0.46244375000000015,0.1384692346173086
-1.5562937500000003,0.1392696348174087
0.9443062500000001,0.1400700350175087
0.7413250000000003,0.1408704352176088
0.8979250000000002,0.1416708354177088
-1.055425,0.1424712356178089
-0.5088250000000001,0.1432716358179089
0.5703875000000003,0.144072036018009
0.023787500000000183,0.144872436218109
-0.5234624999999999,0.1456728364182091
1.1961375000000005,0.1464732366183091
-0.7742937500000004,0.1472736368184092
0.16330624999999988,0.1480740370185092
-0.8524437500000008,0.1488744372186093
-2.962043750000001,0.1496748374187093
0.8515187500000001,0.1504752376188094
0.3049187500000002,0.1512756378189094
-0.5552312500000003,0.1520760380190095
-1.10183125,0.1528764382191095
-0.21061250000000054,0.1536768384192096
-1.9292125000000004,0.1544772386193096
-0.1324625000000001,0.1552776388194097
0.8051375000000001,0.1560780390195097
0.11692499999999983,0.1568784392196098
-0.8206750000000005,0.1576788394197098
-1.4464250000000005,0.1584792396198099
0.27317500000000006,0.1592796398199099
0.9443062500000003,0.16008004002001
-0.38429375000000005,0.16088044022011
-0.4624437500000005,0.1616808404202101
-1.7900437500000004,0.1624812406203101
-0.16423125000000022,0.1632816408204102
-0.7108312500000002,0.1640820410205102
-0.8670812500000004,0.1648824412206103
0.07051874999999996,0.1656828414207103
-2.305300000000001,0.1664832416208104
0.5852999999999999,0.1672836418209104
-2.6958000000000006,0.1680840420210105
0.9758,0.1688844422211105
-1.2654125000000005,0.1696848424212106
-1.2654125000000005,0.1704852426213106
-0.5234625000000002,0.1712856428214107
0.41413750000000005,0.1720860430215107
-0.9452312500000007,0.1728864432216108
-1.1018312500000005,0.1736868434217108
0.07051874999999974,0.1744872436218109
-0.8670812500000006,0.1752876438219109
-1.7900437500000006,0.176088044022011
-0.8524437500000007,0.176888444222111
-0.6186937500000006,0.1776888444222111
-1.5562937500000005,0.1784892446223111
0.0705187499999998,0.1792896448224112
-0.4770812500000003,0.1800900450225112
-0.5552312500000005,0.1808904452226113
-1.1018312500000003,0.1816908454227113
-0.7742937500000004,0.1824912456228114
0.16330624999999988,0.1832916458229114
-2.1810437500000006,0.1840920460230115
-0.07144375000000025,0.1848924462231115
-1.1482124999999999,0.1856928464232116
0.5703875,0.1864932466233116
0.5313375000000002,0.1872936468234117
0.5313375000000002,0.1880940470235117
-1.211675,0.1888944472236118
0.5069249999999998,0.1896948474237118
-0.5088250000000003,0.1904952476238119
-1.055425,0.1912956478239119
1.1961375000000003,0.192096048024012
0.2585375000000001,0.192896448224112
0.18038750000000003,0.1936968484242121
-0.7572125000000003,0.1944972486243121
-1.8364250000000002,0.1952976488244122
-0.1178250000000004,0.1960980490245122
-1.6026750000000003,0.1968984492246123
-0.2740750000000003,0.1976988494247123
-1.4000437500000003,0.1984992496248124
-0.46244375000000026,0.1992996498249124
-0.5014937500000004,0.2001000500250125
-0.5014937500000004,0.2009004502251125
0.22676874999999985,0.2017008504252126
-1.8828312500000006,0.2025012506253126
1.2425187500000001,0.2033016508254127
-0.8670812500000002,0.2041020510255127
-0.5087125000000005,0.2049024512256128
-1.4463125000000003,0.2057028514257128
0.23423749999999985,0.2065032516258129
0.23423749999999985,0.2073036518259129
-1.0555625000000002,0.208104052026013
-0.8989625000000004,0.208904452226113
-0.8208125000000003,0.2097048524262131
1.2887875000000002,0.2105052526263131
2.0699250000000005,0.2113056528264132
-1.211675,0.2121060530265132
-2.2274250000000007,0.2129064532266133
-0.5088250000000007,0.2137068534267133
2.3671375,0.2145072536268134
0.2585375000000001,0.2153076538269134
0.18038750000000003,0.2161080540270135
-0.7572125000000003,0.2169084542271135
-1.946293750000001,0.2177088544272136
-1.3996937500000008,0.2185092546273136
-2.962043750000001,0.2193096548274137
-0.4624437500000007,0.2201100550275137
0.8515187500000001,0.2209104552276138
-1.2580812500000003,0.2217108554277138
-2.2738312500000006,0.2225112556278139
-0.16423125000000027,0.2233116558279139
-1.1482125,0.224112056028014
0.18038749999999987,0.224912456228114
1.5861375000000002,0.2257128564282141
-0.5234625000000002,0.2265132566283141
-1.2116750000000005,0.2273136568284142
-0.2740750000000005,0.2281140570285142
-1.4464250000000005,0.2289144572286143
-0.11782500000000042,0.2297148574287143
-0.5014937500000005,0.2305152576288144
-0.5014937500000005,0.2313156578289144
-1.2434437500000006,0.2321160580290145
-1.4000437500000007,0.2329164582291145
-0.16423125000000016,0.2337168584292146
-1.10183125,0.2345172586293146
-0.08608125000000018,0.2353176588294147
0.46051874999999987,0.2361180590295147
-0.48441250000000036,0.2369184592296148
-0.48441250000000036,0.2377188594297148
0.8051375000000001,0.2385192596298149
0.25853750000000014,0.2393196598299149
-1.9926750000000004,0.240120060030015
0.11692499999999995,0.240920460230115
-0.5088250000000003,0.2417208604302151
-1.4464250000000003,0.2425212606303151
-0.43067500000000025,0.2433216608304152
0.11692499999999983,0.2441220610305152
-0.5088250000000003,0.2449224612306153
-1.055425,0.2457228614307153
0.8051375000000001,0.2465232616308154
-0.9134625000000003,0.2473236618309154
0.5703875,0.2481240620310155
-0.7572125000000001,0.2489244622311155
-1.4928312500000005,0.2497248624312156
-0.16423125000000038,0.2505252626313157
0.0705187499999998,0.2513256628314157
-0.4770812500000003,0.2521260630315158
-1.4000437500000007,0.2529264632316158
-1.2434437500000006,0.2537268634317158
-0.22769375000000036,0.2545272636318159
-0.38429375000000043,0.2553276638319159
-0.27407500000000035,0.256128064032016
-0.4306750000000004,0.256928464232116
-0.11782500000000042,0.2577288644322161
-0.6644250000000005,0.2585292646323162
-1.1482125,0.2593296648324162
1.7423875000000004,0.2601300650325163
2.3671375000000006,0.2609304652326163
-0.5234625,0.2617308654327164
-1.2580812500000003,0.2625312656328164
1.2425187500000001,0.2633316658329164
-0.5552312500000004,0.2641320660330165
-1.4928312500000005,0.2649324662331165
-1.0090437500000002,0.2657328664332166
-0.8524437500000005,0.2665332666333166
-0.6186937500000004,0.2673336668334167
-0.7742937500000006,0.2681340670335168
-1.8364250000000004,0.2689344672336168
0.27317499999999995,0.2697348674337169
1.288925,0.2705352676338169
-1.2116750000000003,0.271335667833917
1.9771375,0.272136068034017
0.6485375000000001,0.2729364682341171
0.5703875,0.2737368684342171
-1.1482124999999999,0.2745372686343171
-1.1652937500000002,0.2753376688344172
-0.22769375000000025,0.2761380690345172
-0.07144375000000025,0.2769384692346173
-1.4000437500000003,0.2777388694347174
-0.32083125000000007,0.2785392696348174
0.22676875000000002,0.2793396698349175
-0.08608125000000004,0.2801400700350175
0.07051875000000002,0.2809404702351176
0.4605187500000002,0.2817408704352176
-0.08608124999999986,0.2825412706353177
0.22676875000000013,0.2833416708354177
-0.32083124999999996,0.2841420710355177
-1.00904375,0.2849424712356178
-0.8524437500000002,0.2857428714357178
-1.5562937500000005,0.2865432716358179
0.1633062500000001,0.2873436718359179
-0.1178250000000004,0.288144072036018
-1.8364250000000002,0.2889444722361181
-0.9378750000000003,0.2897448724362181
-0.9378750000000003,0.2905452726363182
-0.2106125000000002,0.2913456728364182
-0.3672125000000003,0.2921460730365183
0.2585375000000001,0.2929464732366183
1.1961375000000003,0.2937468734367184
0.5777187500000002,0.2945472736368184
0.5777187500000002,0.2953476738369184
0.3439687500000002,0.2961480740370185
0.3439687500000002,0.2969484742371185
0.16330624999999993,0.2977488744372186
-0.7742937500000004,0.2985492746373187
0.7095562500000002,0.2993496748374187
-2.18104375,0.3001500750375188
-0.19570000000000015,0.3009504752376188
-0.3523000000000002,0.3017508754377189
0.19479999999999997,0.3025512756378189
-0.7428000000000003,0.303351675837919
-1.5392125,0.304152076038019
0.18038750000000026,0.304952476238119
1.1961375000000003,0.3057528764382191
1.0395375000000002,0.3065532766383191
0.4608187500000003,0.3073536768384192
0.3052187500000002,0.3081540770385192
1.0080687500000003,0.3089544772386193
-1.10153125,0.3097548774387194
-0.32053124999999993,0.3105552776388194
-0.16393124999999992,0.3113556778389195
1.2428187500000005,0.3121560780390195
-0.08578125000000004,0.3129564782391196
-0.32051875,0.3137568784392196
-0.16391875,0.3145572786393197
-0.8667687500000002,0.3153576788394197
1.6328312500000002,0.3161580790395197
0.2124437500000005,0.3169584792396198
1.9310437500000004,0.3177588794397198
0.52429375,0.3185592796398199
-0.8033062500000001,0.31935967983992
0.6634625000000003,0.32016008004002
-0.2741375,0.3209604802401201
1.2892125000000005,0.3217608804402201
-0.43038750000000003,0.3225612806403202
0.9616750000000004,0.3233616808404202
-0.36692500000000006,0.3241620810405203
-0.9131750000000001,0.3249624812406203
1.5864250000000004,0.3257628814407203
-0.8033062500000001,0.3265632816408204
0.9152937500000002,0.3273636818409204
1.3844437500000004,0.3281640820410205
1.5400437500000006,0.3289644822411205
0.8518312500000003,0.3297648824412206
0.6952312500000004,0.3305652826413207
0.6170812499999999,0.3313656828414207
-1.10151875,0.3321660830415208
0.29788750000000025,0.3329664832416208
0.29788750000000025,0.3337668834417209
0.41443750000000024,0.3345672836418209
0.25883750000000016,0.335367683841921
-0.13216249999999996,0.336168084042021
1.1964375000000005,0.336968484242121
0.18068750000000017,0.3377688844422211
0.024087500000000123,0.3385692846423211
-0.5231750000000002,0.3393696848424212
2.758425000000001,0.3401700850425213
0.29787500000000017,0.3409704852426213
0.29787500000000017,0.3417708854427214
-1.2895375000000004,0.3425712856428214
-1.4461375000000005,0.3433716858429215
-1.2113875,0.3441720860430215
-0.2737875000000001,0.3449724862431216
0.1342937500000002,0.3457728864432216
-0.022306249999999833,0.3465732866433217
0.7590437500000004,0.3473736868434217
0.6024437500000005,0.3481740870435217
-1.1015187499999999,0.3489744872436218
1.3990812500000005,0.3497748874437218
0.18803125000000018,0.3505752876438219
0.18803125000000018,0.351375687843922
0.2588250000000004,0.352176088044022
1.1964250000000005,0.3529764882441221
0.2978750000000003,0.3537768884442221
0.2978750000000003,0.3545772886443222
-0.43038750000000026,0.3553776888444222
-0.2737875000000002,0.3561780890445223
-2.2271375,0.3569784892446223
1.4454625,0.3577788894447223
-0.11782500000000017,0.3585792896448224
-0.6644250000000003,0.3593796898449224
-0.43067500000000025,0.3601800900450225
0.8979250000000002,0.3609804902451226
-0.2106125000000001,0.3617808904452226
-1.5392125,0.3625812906453227
1.1961375000000003,0.3633816908454227
0.2585375000000001,0.3641820910455228
-0.4770812500000002,0.3649824912456228
0.46051875000000003,0.3657828914457229
-1.10183125,0.3665832916458229
0.61676875,0.367383691845923
-0.4624437500000003,0.368184092046023
-1.0090437500000002,0.368984492246123
0.39770625000000015,0.3697848924462231
0.5533062500000002,0.3705852926463231
-1.0090437500000002,0.3713856928464232
-0.4624437500000003,0.3721860930465233
0.9443062500000003,0.3729864932466233
-0.38429375000000016,0.3737868934467234
0.4605187499999999,0.3745872936468234
-0.8670812500000002,0.3753876938469235
-0.1642312500000001,0.3761880940470235
-0.3208312500000002,0.3769884942471236
-1.2116750000000003,0.3777888944472236
1.288925,0.3785892946473236
-0.5088250000000002,0.3793896948474237
-0.6644250000000004,0.3801900950475237
1.7423875000000006,0.3809904952476238
-1.9292125000000004,0.3817908954477239
1.1961375,0.3825912956478239
-0.9134625000000003,0.383391695847924
-0.5002093750000002,0.384192096048024
0.8283906250000003,0.3849924962481241
-0.7339593750000001,0.3857928964482241
0.593640625,0.3865932966483242
-0.01642187499999992,0.3873936968484242
0.5301781250000002,0.3881940970485243
-0.48557187500000026,0.3889944972486243
-0.6411718750000004,0.3897948974487243
-0.4075468750000002,0.3905952976488244
0.14005312499999992,0.3913956978489245
-0.6412968750000002,0.3921960980490245
0.2963031250000001,0.3929964982491246
-0.18748437499999998,0.3937968984492246
-0.34408437500000005,0.3945972986493247
0.4372656250000001,0.3953976988494247
0.28166562500000003,0.3961980990495248
-0.08608125000000016,0.3969984992496248
0.8515187500000001,0.3977988994497249
-1.10183125,0.3985992996498249
0.22676875000000002,0.3993996998499249
-1.7900437500000004,0.400200100050025
-0.4624437500000005,0.401000500250125
-1.5562937500000005,0.4018009004502251
0.94430625,0.4026013006503252
0.27317499999999995,0.4034017008504252
-1.8364250000000004,0.4042021010505253
-0.43067500000000025,0.4050025012506253
0.1169249999999998,0.4058029014507254
0.18038750000000003,0.4066033016508254
-0.7572125000000003,0.4074037018509255
0.8051375000000001,0.4082041020510255
-0.9134625000000003,0.4090045022511256
0.8051375000000001,0.4098049024512256
-0.1324625000000001,0.4106053026513256
-0.6016125000000003,0.4114057028514257
-1.9292125000000002,0.4122061030515258
-0.5088250000000003,0.4130065032516258
-1.4464250000000003,0.4138069034517259
-0.0396750000000001,0.4146073036518259
0.11692499999999995,0.415407703851926
-0.47708125000000035,0.416208104052026
-0.3204812500000003,0.4170085042521261
-0.43803125000000037,0.4178089044522261
-0.43803125000000037,0.4186093046523262
-0.4624437500000005,0.4194097048524262
-1.4000437500000005,0.4202101050525263
-1.5562937500000005,0.4210105052526263
-0.22769375000000058,0.4218109054527263
-0.7816250000000006,0.4226113056528264
-0.7816250000000006,0.4234117058529265
-0.2740750000000002,0.4242121060530265
-1.211675,0.4250125062531266
0.9223375000000004,0.4258129064532266
0.9223375000000004,0.4266133066533267
0.41478750000000014,0.4274137068534267
0.5703875000000003,0.4282141070535268
-1.1018312500000003,0.4290145072536268
-0.16423125000000027,0.4298149074537269
-0.8670812500000006,0.4306153076538269
0.07051874999999974,0.4314157078539269
-0.22769375000000042,0.432216108054027
-0.7742937500000004,0.4330165082541271
-0.07144375000000025,0.4338169084542271
-1.0090437500000002,0.4346173086543272
0.22676875000000007,0.4354177088544272
-1.4928312500000005,0.4362181090545273
0.46051875,0.4370185092546273
-0.47708125000000023,0.4378189094547274
-0.11049375000000022,0.4386193096548274
-0.11049375000000022,0.4394197098549275
-1.0090437500000002,0.4402201100550275
-0.8524437500000005,0.4410205102551276
-0.1324625000000001,0.4418209104552276
0.8051375000000001,0.4426213106553276
-0.6016125000000002,0.4434217108554277
-0.7572125000000004,0.4442221110555278
0.11692499999999997,0.4450225112556278
-0.43067500000000014,0.4458229114557279
-0.5088250000000002,0.4466233116558279
-0.6644250000000004,0.447423711855928
-0.43067500000000014,0.448224112056028
0.11692499999999995,0.4490245122561281
-1.055425,0.4498249124562281
0.27317499999999995,0.4506253126563282
-0.1324625000000001,0.4514257128564282
0.8051375000000001,0.4522261130565282
0.5703875000000003,0.4530265132566283
-1.5392125,0.4538269134567284
-1.1652937500000002,0.4546273136568284
-0.6186937500000005,0.4554277138569285
-2.962043750000001,0.4562281140570285
0.7095562500000001,0.4570285142571286
-0.9452312500000009,0.4578289144572286
-1.4928312500000005,0.4586293146573287
0.3049187499999997,0.4594297148574287
0.46051874999999975,0.4602301150575288
-2.2738187500000007,0.4610305152576288
1.0077812499999999,0.4618309154577289
-0.8670687500000006,0.4626313156578289
0.07053124999999971,0.4634317158579289
0.9687312500000004,0.464232116058029
0.9687312500000004,0.4650325162581291
-3.0548187500000012,0.4658329164582291
-0.9452187500000009,0.4666333166583292
-0.8280312500000007,0.4674337168584292
-0.8280312500000007,0.4682341170585293
0.46051875,0.4690345172586293
-2.0390812500000006,0.4698349174587294
-1.0090437500000002,0.4706353176588294
-0.8524437500000005,0.4714357178589295
-1.5562937500000005,0.4722361180590295
0.16330624999999988,0.4730365182591295
-0.43068750000000033,0.4738369184592296
0.5069124999999999,0.4746373186593297
-3.008437500000001,0.4754377188594297
0.2731625,0.4762381190595298
-1.2898375000000004,0.4770385192596298
-1.4464375000000005,0.4778389194597299
-0.039687500000000236,0.4786393196598299
0.11691249999999981,0.47943971985993
-0.274075,0.48024012006003
-0.4306750000000001,0.4810405202601301
-0.5088250000000003,0.4818409204602301
-1.055425,0.4826413206603302
0.2975875000000002,0.4834417208604302
0.2975875000000002,0.4842421210605303
-0.9134625000000001,0.4850425212606303
1.5861375000000004,0.4858429214607304
-0.9380125000000007,0.4866433216608304
-0.9380125000000007,0.4874437218609305
-0.8989625000000007,0.4882441220610305
-1.0555625000000004,0.4890445222611306
-1.4463125000000003,0.4898449224612306
-0.5087125000000005,0.4906453226613307
-0.9377625000000007,0.4914457228614307
-0.9377625000000007,0.4922461230615308
-0.11782500000000018,0.4930465232616308
-1.446425,0.4938469234617309
0.8979250000000003,0.4946473236618309
-0.43067500000000014,0.495447723861931
0.8832625000000001,0.496248124062031
-1.2263375000000003,0.4970485242621311
0.10226249999999998,0.4978489244622311
-0.4453375000000001,0.4986493246623312
-1.16529375,0.4994497248624312
0.16330624999999988,0.5002501250625313
-2.1810437500000006,0.5010505252626314
-0.07144375000000025,0.5018509254627314
-0.007956249999999998,0.5026513256628314
0.14864375000000007,0.5034517258629315
-0.00795624999999997,0.5042521260630316
0.14864375000000007,0.5050525262631316
0.5703875000000003,0.5058529264632317
0.023787500000000128,0.5066533266633317
1.1961375000000003,0.5074537268634317
0.2585375000000002,0.5082541270635318
0.3513250000000002,0.5090545272636319
1.6789250000000004,0.5098549274637318
-1.4464250000000003,0.5106553276638319
-0.8988250000000007,0.511455727863932
-0.156875,0.5122561280640321
-0.156875,0.5130565282641321
-0.39162500000000006,0.5138569284642321
-0.39162500000000006,0.5146573286643322
0.02378750000000024,0.5154577288644322
0.5703875000000003,0.5162581290645323
-0.13246249999999993,0.5170585292646324
0.8051375000000003,0.5178589294647324
0.46051875,0.5186593296648324
-1.25808125,0.5194597298649325
1.00776875,0.5202601300650326
-2.6638312500000003,0.5210605302651325
-1.1652937500000002,0.5218609304652326
0.16330624999999976,0.5226613306653327
-0.07144375000000036,0.5234617308654328
-1.4000437500000005,0.5242621310655328
0.4373906249999998,0.5250625312656328
-0.8902093750000003,0.5258629314657329
-0.18735937500000022,0.5266633316658329
-1.1249593750000002,0.527463731865933
-1.4231718750000004,0.5282641320660331
-0.48557187500000043,0.5290645322661331
0.1401781249999996,0.5298649324662331
-1.1884218750000004,0.5306653326663332
0.8746593749999999,0.5314657328664333
-2.0159406250000007,0.5322661330665333
0.249909375,0.5330665332666333
-1.4696906250000006,0.5338669334667334
-0.4539406250000004,0.5346673336668335
-0.2973406250000003,0.5354677338669335
-1.8596906250000005,0.5362681340670336
0.24990937499999988,0.5370685342671336
-0.08608124999999978,0.5378689344672336
2.0235187500000005,0.5386693346673337
-1.10183125,0.5394697348674338
-0.5552312500000003,0.5402701350675339
-0.14956875000000025,0.5410705352676338
-0.6961687500000003,0.5418709354677339
-0.14956875000000025,0.542671335667834
-0.6961687500000003,0.543471735867934
0.5069250000000003,0.544272136068034
0.3513250000000002,0.5450725362681341
-1.055425,0.5458729364682342
-0.11782500000000007,0.5466733366683342
0.5703875000000003,0.5474737368684343
0.023787500000000128,0.5482741370685343
1.1961375000000003,0.5490745372686343
-0.13246250000000004,0.5498749374687344
-1.055425,0.5506753376688345
-0.11782499999999994,0.5514757378689346
-0.039675000000000016,0.5522761380690345
0.5069250000000001,0.5530765382691346
0.5703875000000003,0.5538769384692347
-1.5392125,0.5546773386693347
0.5313375000000004,0.5554777388694347
0.5313375000000004,0.5562781390695348
-0.4624437500000001,0.5570785392696348
-1.00904375,0.5578789394697349
-0.7742937500000002,0.558679339669835
1.3353062500000001,0.559479739869935
0.14864375000000007,0.560280140070035
-0.007956249999999998,0.5610805402701351
0.14864375000000007,0.5618809404702352
-0.00795624999999997,0.5626813406703352
1.0077687499999999,0.5634817408704352
-1.8828312500000006,0.5642821410705353
-0.08608125000000011,0.5650825412706354
0.46051875,0.5658829414707354
-0.22769375000000053,0.5666833416708354
-0.7742937500000007,0.5674837418709355
-1.1262437500000004,0.5682841420710355
-1.1262437500000004,0.5690845422711356
0.6631750000000003,0.5698849424712357
-1.446425,0.5706853426713357
-0.4306750000000001,0.5714857428714357
0.116925,0.5722861430715358
0.02413749999999995,0.5730865432716359
-0.5234625000000002,0.5738869434717359
-0.3672125000000001,0.5746873436718359
-0.21061250000000004,0.575487743871936
0.27317499999999995,0.5762881440720361
-1.055425,0.5770885442721361
0.506925,0.5778889444722362
-0.8206750000000002,0.5786893446723362
0.8051375000000001,0.5794897448724362
0.25853750000000014,0.5802901450725363
0.18038749999999998,0.5810905452726364
-0.3672125000000001,0.5818909454727365
-1.4928312500000005,0.5826913456728364
0.22676874999999996,0.5834917458729365
-0.8670812500000002,0.5842921460730366
0.4605187499999998,0.5850925462731366
-0.7742937500000007,0.5858929464732366
-0.6186937500000005,0.5866933466733367
-0.4624437500000007,0.5874937468734368
-2.5710437500000007,0.5882941470735368
-1.055425,0.5890945472736369
0.27317499999999995,0.5898949474737369
0.11692499999999995,0.5906953476738369
-0.0396750000000001,0.591495747873937
0.18038750000000014,0.5922961480740371
-1.9292125000000002,0.5930965482741372
1.1961375000000003,0.5938969484742371
-0.13246250000000026,0.5946973486743372
-0.4380312500000002,0.5954977488744373
-0.4380312500000002,0.5962981490745373
0.85151875,0.5970985492746373
-0.8670812500000004,0.5978989494747374
-0.38429375000000016,0.5986993496748375
-0.22769375000000008,0.5994997498749375
-0.46244375000000015,0.6003001500750376
-1.40004375,0.6011005502751376
-0.5088250000000007,0.6019009504752376
-2.617425000000001,0.6027013506753377
1.2889250000000005,0.6035017508754378
0.7413250000000005,0.6043021510755378
-0.21061250000000004,0.6051025512756378
-0.3672125000000001,0.6059029514757379
1.1961375000000003,0.606703351675838
-0.5234625000000002,0.607503751875938
-1.790043750000001,0.608304152076038
-1.2434437500000008,0.6091045522761381
0.16330624999999943,0.6099049524762381
-1.1652937500000005,0.6107053526763382
-0.9842812500000009,0.6115057528764383
-0.9842812500000009,0.6123061530765384
-1.8828312500000006,0.6131065532766383
-0.16423125000000072,0.6139069534767384
-0.1178250000000004,0.6147073536768385
-1.8364250000000002,0.6155077538769385
1.2889250000000003,0.6163081540770385
-0.4306750000000001,0.6171085542771386
0.8051375000000002,0.6179089544772387
-0.13246250000000004,0.6187093546773387
-0.36721250000000005,0.6195097548774388
-0.21061249999999995,0.6203101550775388
0.22676874999999996,0.6211105552776388
-1.10183125,0.6219109554777389
-1.25808125,0.622711355677839
0.4605187499999998,0.6235117558779391
-2.962043750000001,0.624312156078039
-0.4624437500000007,0.6251125562781391
-1.1652937500000005,0.6259129564782392
0.5533062499999996,0.6267133566783392
-0.4380312500000002,0.6275137568784392
-0.4380312500000002,0.6283141570785393
0.46051875000000003,0.6291145572786394
0.30491874999999996,0.6299149574787394
0.24118124999999985,0.6307153576788395
-1.08741875,0.6315157578789395
-0.42311875000000015,0.6323161580790395
-0.42311875000000015,0.6331165582791396
-0.8988250000000007,0.6339169584792397
-1.4464250000000003,0.6347173586793398
-0.03967500000000007,0.6355177588794397
0.11692499999999995,0.6363181590795398
-0.7572125000000001,0.6371185592796399
1.3523875000000003,0.6379189594797399
-0.9134625000000001,0.63871935967984
1.5861375000000004,0.63951975987994
-3.1182937500000016,0.6403201600800401
0.16330624999999932,0.6411205602801401
-1.790043750000001,0.6419209604802402
-1.2434437500000008,0.6427213606803402
0.14864374999999985,0.6435217608804402
-0.39895625000000023,0.6443221610805403
-0.7889562500000002,0.6451225612806404
0.5386437499999999,0.6459229614807405
0.41413750000000005,0.6467233616808404
-0.13246249999999998,0.6475237618809405
-1.1482125000000003,0.6483241620810406
0.9613875000000002,0.6491245622811406
-1.5243000000000002,0.6499249624812407
0.5853000000000002,0.6507253626813407
-1.1338000000000001,0.6515257628814407
0.19479999999999992,0.6523261630815408
-0.8670812500000005,0.6531265632816409
0.07051874999999985,0.653926963481741
-1.49283125,0.6547273636818409
-0.16423125000000013,0.655527763881941
-0.22769375000000008,0.6563281640820411
-0.38429375000000016,0.6571285642821411
-1.7900437500000002,0.6579289644822411
-0.07144375000000033,0.6587293646823412
0.1413375,0.6595297648824413
0.1413375,0.6603301650825413
0.18038750000000014,0.6611305652826414
-1.5392125000000003,0.6619309654827414
-1.6026750000000005,0.6627313656828414
0.11692500000000006,0.6635317658829415
-2.227425,0.6643321660830416
0.27317500000000006,0.6651325662831417
0.94430625,0.6659329664832416
-1.5562937500000005,0.6667333666833417
-1.1262437500000004,0.6675337668834418
-1.1262437500000004,0.6683341670835418
-0.32048125000000033,0.6691345672836418
-0.4770812500000004,0.6699349674837419
-0.5552312500000004,0.670735367683842
-0.7108312500000006,0.671535767883942
0.6875875000000002,0.6723361680840421
0.6875875000000002,0.6731365682841421
0.8051375000000001,0.6739369684842421
0.6485375000000002,0.6747373686843422
-0.5869500000000003,0.6755377688844423
-0.7425500000000005,0.6763381690845424
-0.7425500000000005,0.6771385692846423
-0.5869500000000003,0.6779389694847424
-0.11782500000000021,0.6787393696848425
-1.055425,0.6795397698849425
-0.2740750000000003,0.6803401700850426
-0.43067500000000036,0.6811405702851426
-0.36721249999999994,0.6819409704852427
0.5703875000000003,0.6827413706853427
1.1961375000000003,0.6835417708854428
0.2585375000000002,0.6843421710855428
-0.6180437500000003,0.6851425712856428
-0.4624437500000002,0.6859429714857429
0.2805062500000001,0.686743371685843
0.2805062500000001,0.6875437718859431
-0.08608125000000005,0.688344172086043
0.07051874999999996,0.6891445722861431
1.00776875,0.6899449724862432
-1.1018312500000003,0.6907453726863432
-0.7816250000000006,0.6915457728864433
-0.7816250000000006,0.6923461730865433
0.5069249999999998,0.6931465732866434
-1.211675,0.6939469734867434
-0.21061250000000034,0.6947473736868435
-0.7572125000000004,0.6955477738869436
1.9771375000000004,0.6963481740870435
-0.13246249999999993,0.6971485742871436
-0.8206875000000002,0.6979489744872437
0.8979125000000001,0.6987493746873438
-0.11783750000000007,0.6995497748874437
-0.6644375000000002,0.7003501750875438
-0.039687500000000125,0.7011505752876439
0.11691249999999992,0.7019509754877439
-1.0554375,0.702751375687844
0.27316249999999986,0.703551775887944
0.6167687500000001,0.704352176088044
-1.8828312500000004,0.7051525762881441
1.2425187500000003,0.7059529764882442
-0.4770812500000001,0.7067533766883443
1.7253062500000003,0.7075537768884442
-1.5562937500000003,0.7083541770885443
-1.4000437500000003,0.7091545772886444
-0.8524437500000006,0.7099549774887444
-0.43067500000000025,0.7107553776888444
0.8979250000000002,0.7115557778889445
-1.0554250000000003,0.7123561780890446
-0.5088250000000005,0.7131565782891446
-1.1482125,0.7139569784892447
0.18038749999999998,0.7147573786893447
-0.9134625000000003,0.7155577788894447
1.5861375000000002,0.7163581790895448
1.1964250000000005,0.7171585792896449
0.2588250000000002,0.717958979489745
0.9616750000000002,0.7187593796898449
-0.7569250000000002,0.719559779889945
-0.0393875000000001,0.7203601800900451
0.11721249999999994,0.7211605802901451
-0.8985375000000004,0.7219609804902452
-1.0551375000000003,0.7227613806903452
-1.4925187500000003,0.7235617808904453
-0.1639187500000002,0.7243621810905453
-0.08576874999999984,0.7251625812906454
2.0238312500000006,0.7259629814907455
0.8762437500000004,0.7267633816908454
0.8762437500000004,0.7275637818909455
1.6962937500000006,0.7283641820910456
-0.02230624999999975,0.7291645822911457
-0.8524437500000005,0.7299649824912456
-1.0090437500000002,0.7307653826913457
-0.22769375000000053,0.7315657828914458
-0.7742937500000007,0.7323661830915458
-1.10183125,0.7331665832916459
-0.16423125000000016,0.7339669834917459
-0.3204812500000003,0.734767383691846
-0.47708125000000035,0.735567783891946
-2.227425000000001,0.7363681840920461
-1.2898250000000009,0.7371685842921462
0.1169249999999995,0.7379689844922461
-0.4306750000000006,0.7387693846923462
0.8051375000000001,0.7395697848924463
0.6485375000000002,0.7403701850925464
-1.9292125000000004,0.7411705852926463
0.9613875000000001,0.7419709854927464
0.0036781249999999766,0.7427713856928465
0.160278125,0.7435717858929465
1.1760281250000002,0.7443721860930466
-0.5435718750000003,0.7451725862931466
-1.0755343750000002,0.7459729864932467
0.6430656249999999,0.7467733866933467
-0.45078437500000024,0.7475737868934468
0.09681562499999985,0.7483741870935469
-0.09155312500000015,0.7491745872936468
-1.0291531250000001,0.7499749874937469
1.3151968750000005,0.750775387693847
-1.5764031250000003,0.751575787893947
0.8314093750000001,0.752376188094047
0.6748093750000003,0.7531765882941471
-0.7309406250000001,0.7539769884942472
0.596659375,0.7547773886943472
-1.0554375000000003,0.7555777888944473
-0.5088375000000003,0.7563781890945473
0.23411249999999983,0.7571785892946473
0.23411249999999983,0.7579789894947474
-1.0554375000000003,0.7587793896948475
-0.8988375000000004,0.7595797898949476
0.5069125000000001,0.7603801900950475
0.35131249999999997,0.7611805902951476
-0.6644250000000003,0.7619809904952477
0.27317500000000006,0.7627813906953477
-0.43067500000000014,0.7635817908954478
0.11692499999999989,0.7643821910955478
-0.7572125000000003,0.7651825912956479
0.18038749999999998,0.7659829914957479
-0.5234625000000003,0.766783391695848
0.8051375000000002,0.767583791895948
0.02407500000000007,0.768384192096048
0.18067500000000014,0.7691845922961481
0.1416250000000001,0.7699849924962482
0.1416250000000001,0.7707853926963483
0.5072125000000002,0.7715857928964482
-0.4303875000000001,0.7723861930965483
-1.0551375,0.7731865932966484
1.0544625000000003,0.7739869934967484
1.2428312500000005,0.7747873936968485
-0.47676875,0.7755877938969485
0.22708125000000012,0.7763881940970486
-0.32051875,0.7771885942971486
-0.80330625,0.7779889944972487
1.3062937500000005,0.7787893946973488
1.1500437500000005,0.7795897948974487
-0.56955625,0.7803901950975488
0.9613875000000003,0.7811905952976489
-1.1482125,0.781990995497749
0.8051375000000001,0.782791395697849
0.25853750000000014,0.783591795897949
0.5069250000000002,0.7843921960980491
-0.03967499999999996,0.7851925962981491
0.27317500000000017,0.7859929964982492
-0.6644250000000002,0.7867933966983492
0.3195562500000001,0.7875937968984493
-1.4000437500000005,0.7883941970985493
-0.7742937500000004,0.7891945972986494
0.16330624999999988,0.7899949974987495
-0.7108312500000002,0.7907953976988494
0.22676875000000007,0.7915957978989495
0.07051874999999996,0.7923961980990496
-0.08608125000000011,0.7931965982991497
-0.7742937500000002,0.7939969984992497
0.5533062499999999,0.7947973986993497
-0.07144375000000011,0.7955977988994498
-1.00904375,0.7963981990995498
0.8515187500000001,0.7971985992996499
0.6949187500000003,0.79799899949975
-1.3362312500000004,0.7987993996998499
-1.4928312500000005,0.79959979989995
0.9613875000000003,0.8004002001000501
-1.5392125,0.8012006003001502
0.8051375000000001,0.8020010005002501
0.25853750000000014,0.8028014007003502
-0.7425500000000003,0.8036018009004503
0.19505,0.8044022011005503
0.19505,0.8052026013006504
-0.7425500000000003,0.8060030015007504
-0.5552312500000002,0.8068034017008505
-0.7108312500000004,0.8076038019009505
0.30491874999999996,0.8084042021010506
0.46051875000000003,0.8092046023011507
-0.8524437500000008,0.8100050025012506
-2.1810437500000006,0.8108054027013507
-0.11049375000000022,0.8116058029014508
-0.1104937500000002,0.8124062031015509
-0.1324625,0.8132066033016508
0.41413750000000005,0.8140070035017509
0.18038750000000003,0.814807403701851
-0.36721250000000005,0.815607803901951
0.8979250000000001,0.8164082041020511
0.35132500000000016,0.8172086043021511
-0.5088250000000002,0.8180090045022512
-0.6644250000000004,0.8188094047023512
0.14162500000000006,0.8196098049024513
0.14162500000000006,0.8204102051025514
-1.147925,0.8212106053026513
1.3526750000000003,0.8220110055027514
1.2892125000000003,0.8228114057028515
-0.43038750000000014,0.8236118059029516
-0.5085375000000002,0.8244122061030515
-1.4461375000000003,0.8252126063031516
0.21244375000000038,0.8260130065032517
1.5400437500000006,0.8268134067033517
-0.8033062500000001,0.8276138069034518
0.13429375000000016,0.8284142071035518
-0.08576875000000012,0.8292146073036519
0.85183125,0.8300150075037519
-1.1015187499999999,0.830815407703852
0.22708125000000007,0.8316158079039521
-0.48441250000000025,0.832416208104052
-0.48441250000000025,0.8332166083041521
0.41413750000000005,0.8340170085042522
0.2585375,0.8348174087043523
0.5069250000000002,0.8356178089044523
0.3513250000000001,0.8364182091045523
-0.7816250000000003,0.8372186093046524
-0.7816250000000003,0.8380190095047524
0.7095562500000001,0.8388194097048525
-1.7900437500000004,0.8396198099049526
0.006706249999999803,0.8404202101050526
0.16330624999999982,0.8412206103051526
0.18771875000000005,0.8420210105052527
0.18771875000000005,0.8428214107053528
-0.4380312500000002,0.8436218109054527
-0.4380312500000002,0.8444222111055528
0.8516562500000002,0.8452226113056529
-0.4769437500000002,0.8460230115057529
-0.32069375000000006,0.846823411705853
0.22690625000000003,0.847623811905953
-0.7109437500000002,0.8484242121060531
0.22665625000000006,0.8492246123061531
0.3048062500000001,0.8500250125062532
0.4604062500000002,0.8508254127063533
0.5533062499999999,0.8516258129064532
-0.7742937500000002,0.8524262131065533
-0.6180437500000002,0.8532266133066534
-0.0714437500000002,0.8540270135067535
-0.4770812500000002,0.8548274137068534
0.8515187500000003,0.8556278139069535
-1.4928312500000003,0.8564282141070536
1.00776875,0.8572286143071536
0.3207781250000002,0.8580290145072537
0.3207781250000002,0.8588294147073537
-0.10927187499999999,0.8596298149074538
0.8283281250000002,0.8604302151075538
0.29636562499999985,0.8612306153076539
-2.2042343750000004,0.862031015507754
-0.6418843750000007,0.8628314157078539
-1.1884843750000005,0.863631815907954
0.5620968749999998,0.8644322161080541
-1.156503125,0.8652326163081542
-0.7660031250000003,0.8660330165082541
0.17159687500000004,0.8668334167083542
0.5620968749999998,0.8676338169084543
-1.156503125,0.8684342171085543
0.17159687500000004,0.8692346173086544
-0.7660031250000003,0.8700350175087544
1.5861375000000004,0.8708354177088545
-0.9134625000000001,0.8716358179089545
-0.7572125000000001,0.8724362181090546
0.5703875,0.8732366183091547
-0.43067500000000014,0.8740370185092546
0.5069250000000001,0.8748374187093547
-2.227425,0.8756378189094548
-0.5088250000000005,0.8764382191095549
0.5388937500000002,0.8772386193096549
-0.3987062500000001,0.8780390195097549
0.14839375000000005,0.878839419709855
-0.008206250000000026,0.879639819909955
0.16330624999999965,0.8804402201100551
-1.1652937500000005,0.8812406203101552
-0.4624437500000007,0.8820410205102552
-1.7900437500000006,0.8828414207103552
-0.71083125,0.8836418209104553
0.6167687500000001,0.8844422211105554
0.4605187500000001,0.8852426213106553
-0.4770812500000001,0.8860430215107554
-0.46244375000000026,0.8868434217108555
-1.0090437500000002,0.8876438219109556
0.5533062500000001,0.8884442221110556
0.00670625000000008,0.8892446223111556
-0.7572125000000003,0.8900450225112557
0.1803875000000001,0.8908454227113557
0.5313375000000001,0.8916458229114558
0.5313375000000001,0.8924462231115559
-1.6026750000000003,0.8932466233116558
1.2889250000000005,0.8940470235117559
0.6631750000000001,0.894847423711856
-1.0554249999999998,0.8956478239119561
-0.7742937500000004,0.896448224112056
0.16330624999999982,0.8972486243121561
-0.46244375000000043,0.8980490245122562
-1.0090437500000002,0.8988494247123562
-0.78895625,0.8996498249124563
0.5386437500000001,0.9004502251125563
-1.1799562500000003,0.9012506253126564
0.9296437500000001,0.9020510255127564
-1.4464250000000003,0.9028514257128564
-1.2898250000000002,0.9036518259129566
-0.4306749999999999,0.9044522261130564
0.11692500000000011,0.9052526263131566
0.9613875000000003,0.9060530265132568
-0.3672125000000001,0.9068534267133568
-0.13246249999999998,0.9076538269134568
0.8051375000000003,0.9084542271135568
-1.4000437500000003,0.9092546273136568
-0.07144375000000022,0.9100550275137568
-1.1652937500000002,0.910855427713857
-0.22769375000000025,0.911655827913957
-1.1018312500000005,0.9124562281140572
-0.9452312500000007,0.9132566283141572
0.85151875,0.9140570285142572
-0.8670812500000004,0.9148574287143572
-1.1482125,0.9156578289144572
-0.6016125000000003,0.9164582291145572
-0.5234625000000002,0.9172586293146574
0.41413750000000005,0.9180590295147576
-1.211675,0.9188594297148576
0.5069249999999998,0.9196598299149576
-1.8364250000000004,0.9204602301150576
-0.5088250000000005,0.9212606303151576
-1.2434437500000006,0.9220610305152576
-1.7900437500000008,0.9228614307153578
0.28050624999999996,0.9236618309154578
0.28050624999999996,0.9244622311155578
-0.5552312500000003,0.925262631315658
-1.10183125,0.926063031515758
0.46051875000000003,0.926863431715858
-0.4770812500000002,0.927663831915958
0.18038749999999998,0.928464232116058
-1.1482125,0.9292646323161582
0.8051375,0.9300650325162582
-0.9134625000000004,0.9308654327163582
-0.03967500000000018,0.9316658329164584
0.11692499999999989,0.9324662331165584
-0.5088250000000003,0.9332666333166584
-1.4464250000000003,0.9340670335167583
-0.2740750000000004,0.9348674337168584
-0.8206750000000005,0.9356678339169584
-0.6644250000000006,0.9364682341170586
-0.5088250000000004,0.9372686343171588
1.1961375000000003,0.9380690345172586
-0.5234625000000002,0.9388694347173588
-0.36721250000000005,0.9396698349174588
0.5703875000000002,0.9404702351175588
-0.2423562500000003,0.9412706353176588
-1.1799562500000003,0.942071035517759
0.53864375,0.942871435717859
-1.9609562500000006,0.943671835917959
-0.6186937500000004,0.9444722361180592
-0.7742937500000006,0.9452726363181592
-0.07144375000000039,0.9460730365182592
-1.4000437500000005,0.9468734367183592
-0.1568750000000002,0.9476738369184592
-0.15687500000000026,0.9484742371185594
-1.6808250000000007,0.9492746373186594
-2.2274250000000007,0.9500750375187594
-0.13246249999999968,0.9508754377188596
1.5861375000000006,0.9516758379189596
-0.36721249999999994,0.9524762381190596
0.9613875000000005,0.9532766383191597
-0.46244375000000026,0.9540770385192596
-3.3530437500000008,0.9548774387193596
-0.3842937500000004,0.9556778389194598
1.3353062500000001,0.95647823911956
1.24251875,0.9572786393196598
-0.08608125000000047,0.95807903951976
-1.6100312500000005,0.95887943971986
-1.6100312500000005,0.95967983991996
1.054175,0.96048024012006
-1.8364250000000004,0.96128064032016
0.8979250000000001,0.9620810405202602
-1.6026750000000003,0.9628814407203602
1.1961375000000003,0.9636818409204604
0.2585375000000002,0.9644822411205604
-1.1482125,0.9652826413206604
-0.2106125000000001,0.9660830415207604
-0.4624437500000007,0.9668834417208604
-2.962043750000001,0.9676838419209606
-1.16529375,0.9684842421210604
-0.22769375000000014,0.9692846423211606
0.8515187500000001,0.9700850425212608
-0.47708125000000035,0.9708854427213608
-0.3208312500000003,0.9716858429214608
-0.16423125000000022,0.9724862431215608
-0.1642312500000003,0.9732866433216608
-0.7108312500000005,0.9740870435217608
2.02351875,0.974887443721861
0.6949187500000001,0.9756878439219612
-1.2434437500000006,0.9764882441220613
-1.7900437500000008,0.9772886443221612
0.16330625,0.9780890445222612
-1.9462937500000004,0.9788894447223612
-0.11782500000000018,0.9796898449224613
-1.446425,0.9804902451225612
0.11692499999999995,0.9812906453226614
-1.6026750000000005,0.9820910455227616
0.023787500000000017,0.9828914457228616
0.1803875000000001,0.9836918459229615
-0.1324625,0.9844922461230616
0.4141375000000001,0.9852926463231616
-0.1642312500000003,0.9860930465232616
-1.1018312500000003,0.9868934467233618
-0.4770812500000003,0.9876938469234618
0.0705187499999998,0.9884942471235618
-0.6961687500000006,0.989294647323662
-0.5405687500000004,0.990095047523762
-0.6961687500000006,0.990895447723862
-0.5405687500000004,0.991695847923962
-1.9145500000000006,0.992496248124062
0.19504999999999983,0.993296648324162
-0.8597500000000003,0.9940970485242622
-0.8597500000000003,0.9948974487243624
-0.054337500000000066,0.9956978489244624
0.10226249999999998,0.9964982491245624
0.10226249999999998,0.9972986493246624
-0.054337500000000094,0.9980990495247624
2.02351875,0.9988994497248624
-2.4300812499999997,0.9996998499249624
-0.16423125000000016,1.0005002501250626
-0.7108312500000002,1.001300650325163
0.3195562500000002,1.0021010505252628
-2.18104375,1.0029014507253629
-1.55629375,1.0037018509254627
0.5533062500000002,1.0045022511255628
-0.2106125000000001,1.0053026513256629
-0.36721250000000016,1.006103051525763
0.1413375,1.006903451725863
0.1413375,1.0077038519259631
0.11692499999999995,1.0085042521260632
-0.43067500000000014,1.009304652326163
-0.6644250000000003,1.0101050525262631
0.27317500000000006,1.0109054527263632
-0.5552312500000003,1.011705852926463
-0.7108312500000005,1.0125062531265634
-0.20328125000000014,1.0133066533266637
-0.20328125000000014,1.0141070535267631
-0.7742937500000004,1.0149074537268634
-0.22769375000000042,1.0157078539269635
-0.4624437500000004,1.0165082541270636
-0.6180437500000004,1.0173086543271637
-0.39162500000000017,1.0181090545272635
-0.39162500000000017,1.0189094547273638
-0.4306750000000003,1.0197098549274637
0.8979250000000001,1.0205102551275638
-0.36721250000000005,1.021310655327664
0.5703875000000002,1.022111055527764
-0.9134625000000001,1.022911455727864
1.5861375000000004,1.023711855927964
-0.7742937500000001,1.0245122561280642
0.55330625,1.025312656328164
-1.0090437500000002,1.026113056528264
-0.8524437500000004,1.0269134567283642
-0.08608124999999997,1.0277138569284645
0.46051875000000014,1.0285142571285644
-0.5552312500000003,1.0293146573286645
-1.10183125,1.0301150575287643
-0.3525500000000001,1.0309154577288644
0.19505,1.0317158579289645
-0.07875000000000004,1.0325162581290646
-0.07875000000000004,1.0333166583291646
0.4141375000000001,1.0341170585292647
-0.5234625000000002,1.0349174587293648
-0.09341250000000004,1.0357178589294649
-0.09341250000000006,1.0365182591295647
-0.7108312500000006,1.0373186593296648
-0.5552312500000004,1.038119059529765
0.46051875000000003,1.038919459729865
-0.08608125000000008,1.039719859929965
0.16330625,1.0405202601300652
-1.9462937500000004,1.0413206603301652
-2.18104375,1.042121060530265
0.3195562500000001,1.0429214607303652
-1.4464250000000003,1.0437218609304653
-0.8988250000000007,1.0445222611305651
-1.6026750000000005,1.0453226613306654
0.506925,1.0461230615307655
0.18038750000000003,1.0469234617308656
-0.36721250000000005,1.0477238619309654
0.024137500000000034,1.0485242621310655
-0.1324625,1.0493246623311656
-0.6186937500000004,1.0501250625312657
-0.7742937500000006,1.0509254627313658
-0.07144375000000047,1.051725862931466
-1.7900437500000004,1.052526263131566
-1.8828312500000004,1.0533266633316658
1.3987687500000001,1.054127063531766
-0.4770812500000003,1.054927463731866
0.0705187499999998,1.055727863931966
0.11692499999999972,1.056528264132066
-1.2116750000000003,1.0573286643321662
-1.8364250000000009,1.0581290645322663
-1.2898250000000007,1.0589294647323662
-0.5234624999999999,1.0597298649324662
1.1961375000000005,1.0605302651325663
0.9613875000000005,1.0613306653326664
-0.36721249999999994,1.0621310655327665
-0.20328125000000016,1.0629314657328666
-0.20328125000000016,1.0637318659329666
1.00776875,1.0645322661330665
-1.4928312500000003,1.0653326663331666
-1.16529375,1.066133066533267
-0.22769375000000003,1.0669334667333668
0.3195562500000001,1.0677338669334668
-1.7900437500000002,1.068534267133567
0.8979250000000002,1.069334667333667
0.7413250000000003,1.0701350675337669
-0.5088250000000005,1.070935467733867
-1.8364250000000004,1.071735867933967
1.1961375000000003,1.072536268134067
-0.13246250000000004,1.0733366683341672
1.3523875000000005,1.0741370685342673
-0.36721249999999994,1.0749374687343674
-1.8364250000000002,1.0757378689344672
-0.1178250000000004,1.0765382691345673
0.3513250000000002,1.0773386693346674
1.2889250000000003,1.0781390695347677
-0.054337499999999817,1.0789394697348675
0.8832625000000004,1.0797398699349676
0.33666250000000025,1.0805402701350677
0.4922625000000003,1.0813406703351676
0.07051875000000002,1.0821410705352676
-0.08608125000000005,1.0829414707353675
-0.16423125000000008,1.0837418709354678
-0.32083125000000007,1.084542271135568
-2.1810437500000006,1.085342671335668
-0.07144375000000025,1.086143071535768
-1.9462937500000004,1.086943471735868
0.16330625,1.087743871935968
-1.055425,1.088544272136068
-0.1178250000000001,1.0893446723361682
1.6789250000000004,1.0901450725362682
-1.602675,1.0909454727363683
1.0395375000000002,1.0917458729364684
1.1961375000000003,1.0925462731365685
-1.1482125,1.0933466733366684
-0.2106125000000001,1.0941470735367684
0.5533062499999999,1.0949474737368683
-1.16529375,1.0957478739369686
0.31955625,1.096548274137069
-1.7900437500000004,1.0973486743371688
-0.47708125000000035,1.0981490745372686
-0.3204812500000003,1.0989494747373687
-0.1642312500000003,1.0997498749374688
-0.7108312500000005,1.1005502751375689
0.1806750000000002,1.101350675337669
-0.3669249999999999,1.102151075537769
0.9226250000000006,1.1029514757378691
0.9226250000000006,1.103751875937969
-0.5085375000000003,1.104552276138069
-1.0551375000000003,1.1053526763381691
-0.2737875000000003,1.1061530765382692
-1.2113875000000003,1.1069534767383693
0.3052312500000002,1.1077538769384694
1.2428312500000005,1.1085542771385697
0.22708125000000012,1.109354677338669
-0.32051874999999996,1.1101550775387694
0.9152937500000002,1.1109554777388695
-1.1943062500000001,1.1117558779389696
1.1500437500000003,1.1125562781390697
0.6024437500000002,1.1133566783391695
-1.2580687500000003,1.1141570785392696
0.8515312500000001,1.1149574787393697
-0.16421875,1.1157578789394698
-0.3208187500000001,1.1165582791395698
0.6167812500000002,1.11735867933967
-1.49281875,1.11815907953977
0.07053124999999993,1.11895947973987
-0.08606875000000014,1.11975987993997
-0.8524437500000004,1.12056028014007
-1.0090437500000002,1.12136068034017
-1.5562937500000003,1.1221610805402702
0.9443062500000001,1.1229614807403705
0.07051875000000002,1.1237618809404704
-0.08608125000000003,1.1245622811405704
-0.5552312500000002,1.1253626813406703
-0.7108312500000004,1.1261630815407704
0.024075000000000124,1.1269634817408705
0.18067500000000014,1.1277638819409703
0.8054250000000001,1.1285642821410706
0.25882500000000025,1.1293646823411707
-0.5085375000000002,1.1301650825412708
-0.6641375000000004,1.1309654827413709
0.11721249999999994,1.1317658829414707
-1.2113875,1.1325662831415708
2.3210437500000007,1.133366683341671
-0.9595562499999999,1.134167083541771
0.9152937500000002,1.134967483741871
0.36869375000000043,1.1357678839419711
-0.7105187500000003,1.136568284142071
0.22708125,1.137368684342171
0.4608312500000002,1.1381690845422712
0.3052312500000001,1.1389694847423713
0.2514937500000002,1.1397698849424711
0.2514937500000002,1.1405702851425714
-0.56955625,1.1413706853426715
1.5400437500000004,1.1421710855427714
0.3052312500000001,1.1429714857428714
0.4608312500000002,1.1437718859429715
-1.1015187499999999,1.1445722861430716
0.61708125,1.1453726863431717
-1.2113875,1.1461730865432718
1.2892125000000003,1.146973486743372
-0.27413750000000003,1.1477738869434717
-0.11753750000000002,1.1485742871435718
-0.13217499999999996,1.149374687343672
0.4144250000000001,1.150175087543772
-0.7569250000000003,1.150975487743872
0.18067500000000009,1.151775887943972
-0.04703125000000008,1.1525762881440722
-0.04703125000000008,1.153376688344172
-0.47708125000000023,1.154177088544272
0.8515187500000002,1.1549774887443722
1.1005562500000001,1.1557778889444723
-2.5710437500000003,1.1565782891445724
-0.5014937500000003,1.1573786893446725
-0.5014937500000003,1.1581790895447726
0.8051375000000003,1.1589794897448724
0.6485375000000004,1.1597798899449725
-1.1482125,1.1605802901450726
0.5703874999999999,1.1613806903451729
-0.8988250000000007,1.1621810905452727
-1.4464250000000003,1.1629814907453728
0.8979250000000001,1.163781890945473
0.3513250000000003,1.1645822911455728
0.506925,1.1653826913456728
-1.211675,1.166183091545773
-0.11782500000000018,1.166983491745873
-0.6644250000000003,1.167783891945973
1.1961375000000003,1.1685842921460732
0.6485375000000004,1.1693846923461733
-0.36721250000000005,1.1701850925462731
-0.21061249999999998,1.1709854927463732
0.55330625,1.1717858929464733
0.3977062499999999,1.1725862931465734
-1.5172437500000002,1.1733866933466734
-1.5172437500000002,1.1741870935467735
-0.08608125,1.1749874937468736
0.4605187500000001,1.1757878939469737
-1.10183125,1.1765882941470736
1.3987687500000003,1.1773886943471736
-0.32083125,1.1781890945472735
-0.16423124999999994,1.1789894947473738
-0.4770812499999999,1.179789894947474
1.6325187500000005,1.180590295147574
-1.9462937500000004,1.1813906953476738
0.5533062500000001,1.182191095547774
-0.46244375000000026,1.182991495747874
-1.4000437500000003,1.183791895947974
-0.4697500000000002,1.1845922961480742
-0.46975000000000017,1.1853926963481742
0.5850500000000001,1.1861930965482743
-1.5245500000000003,1.1869934967483742
0.024137499999999867,1.1877938969484745
-0.13246250000000018,1.1885942971485743
-0.36721250000000016,1.1893946973486744
0.18038749999999992,1.1901950975487745
-1.5172437500000002,1.1909954977488746
-1.5172437500000002,1.191795897948975
0.16330624999999988,1.1925962981490743
0.006706249999999803,1.1933966983491746
-0.8280312500000006,1.1941970985492747
-0.8280312500000006,1.1949974987493748
-1.6490812500000005,1.1957978989494749
0.46051875,1.196598299149575
0.116925,1.197398699349675
-0.03967500000000007,1.1981990995497749
0.6631750000000001,1.198999499749875
-1.0554249999999998,1.199799899949975
-0.8353375000000002,1.2006003001500751
1.2742625000000003,1.2014007003501752
-0.8353375000000002,1.2022011005502753
1.2742625000000003,1.2030015007503754
-0.8670812500000002,1.2038019009504752
0.07051875000000002,1.204602301150575
-1.8828312500000004,1.2054027013506754
0.22676874999999996,1.2062031015507757
-2.1810437500000006,1.2070035017508756
-0.07144375000000003,1.2078039019509756
0.9443062500000002,1.2086043021510755
-1.9462937500000002,1.2094047023511756
0.5703874999999998,1.2102051025512757
-1.1482125,1.2110055027513758
-1.6954625000000005,1.2118059029514758
1.1961375000000003,1.212606303151576
-0.43067500000000036,1.213406703351676
0.8979250000000001,1.214207103551776
-0.11782500000000051,1.215007503751876
-2.617425000000001,1.215807903951976
0.16330624999999988,1.216608304152076
-1.16529375,1.2174087043521762
-0.07144375000000003,1.2182091045522765
-2.5710437500000003,1.2190095047523763
-1.49283125,1.2198099049524762
-0.5552312500000002,1.2206103051525763
-0.4770812500000002,1.2214107053526764
0.07051874999999991,1.2222111055527765
1.2889250000000003,1.2230115057528763
-1.211675,1.2238119059529766
-0.0006249999999999312,1.2246123061530767
-0.0006249999999999312,1.2254127063531766
0.2585375000000002,1.2262131065532766
1.1961375000000003,1.2270135067533767
-0.21061249999999998,1.2278139069534768
-1.1482125,1.228614307153577
-1.0871687500000005,1.229414707353677
-0.5405687500000007,1.230215107553777
-0.14956875000000058,1.231015507753877
-1.4781687500000005,1.231815907953977
-1.8828312500000004,1.232616308154077
1.00776875,1.2334167083541772
-0.8670812500000005,1.2342171085542772
0.8515187499999999,1.235017508754377
0.1413375,1.2358179089544774
0.14133749999999995,1.2366183091545773
-0.09341250000000009,1.2374187093546771
-0.09341250000000009,1.2382191095547774
-0.43067500000000025,1.2390195097548775
0.8979250000000002,1.2398199099549776
-2.227425,1.2406203101550777
-0.8988250000000004,1.2414207103551778
0.5533062499999999,1.2422211105552776
-2.3372937500000006,1.2430215107553777
-0.07144375000000025,1.2438219109554778
-2.1810437500000006,1.244622311155578
-0.7108312500000004,1.245422711355678
0.22676874999999996,1.246223111555778
0.18771874999999993,1.247023511755878
0.18771874999999993,1.247823911955978
0.07053124999999993,1.248624312156078
-0.47706875000000015,1.249424712356178
-0.5552187500000002,1.2502251125562782
-0.7108187500000004,1.2510255127563783
-0.16421875000000033,1.2518259129564784
-2.6638187500000003,1.2526263131565785
1.6325312500000002,1.2534267133566783
-0.47706875000000015,1.2542271135567784
-0.11782500000000018,1.2550275137568785
-0.6644250000000003,1.2558279139569786
0.506925,1.2566283141570789
-1.211675,1.2574287143571787
0.8051375000000002,1.2582291145572788
-0.5234625000000003,1.259029514757379
-0.7572125000000003,1.2598299149574788
0.9613875000000001,1.2606303151575788
0.6167687500000001,1.261430715357679
-1.4928312500000003,1.262231115557779
-0.47708125000000023,1.263031515757879
0.07051874999999985,1.2638319159579792
-1.1262437500000004,1.264632316158079
-1.1262437500000004,1.265432716358179
0.94430625,1.2662331165582792
-1.1652937500000002,1.2670335167583793
0.14133749999999995,1.2678339169584794
0.1413375,1.2686343171585794
-1.1482125,1.2694347173586795
0.5703874999999999,1.2702351175587794
-1.8364250000000004,1.2710355177588797
-0.11782500000000054,1.2718359179589795
0.5069250000000001,1.2726363181590796
-0.039675000000000016,1.2734367183591797
-1.1652937500000005,1.2742371185592798
-1.0086937500000008,1.27503751875938
-1.7900437500000004,1.2758379189594795
-0.4624437500000005,1.2766383191595798
-1.4928312500000005,1.27743871935968
-1.3362312500000004,1.27823911955978
0.07051875000000002,1.27903951975988
-0.4770812500000001,1.27983991995998
0.5703875,1.2806403201600802
-1.1482124999999999,1.28144072036018
1.5861375000000004,1.2822411205602802
-0.9134625000000001,1.2830415207603802
-0.6644250000000003,1.2838419209604803
-0.11782500000000018,1.2846423211605804
0.5069250000000002,1.2854427213606805
-0.43067500000000003,1.2862431215607806
-0.16423125000000016,1.2870435217608804
-0.7108312500000002,1.2878439219609803
1.2425187500000003,1.2886443221610806
-1.25808125,1.289444722361181
0.3195562500000002,1.2902451225612808
-1.4000437500000003,1.2910455227613808
1.3353062500000004,1.291845922961481
-1.9462937500000002,1.2926463231615808
0.31955625,1.2934467233616809
-2.5710437500000003,1.294247123561781
-1.5562937500000005,1.295047523761881
-0.6186937500000006,1.2958479239619811
-1.10183125,1.2966483241620812
-0.5552312500000003,1.2974487243621813
-1.2580812500000003,1.2982491245622811
-0.3204812500000003,1.2990495247623812
0.41413750000000016,1.2998499249624813
0.2585375000000001,1.3006503251625814
-0.09341250000000001,1.3014507253626817
-0.09341250000000001,1.3022511255627816
-0.43067500000000025,1.3030515257628814
-0.2740750000000001,1.3038519259629815
-0.5088250000000002,1.3046523261630816
-0.6644250000000004,1.3054527263631817
-1.8681687500000006,1.3062531265632815
-0.5405687500000007,1.3070535267633818
-0.5405687500000007,1.307853926963482
-1.8681687500000006,1.3086543271635818
-1.4928312500000005,1.3094547273636818
-0.16423125000000036,1.310255127563782
1.6325187500000002,1.311055527763882
-0.8670812500000002,1.311855927963982
-0.27442500000000003,1.3126563281640822
-0.11782499999999999,1.3134567283641825
-0.039675000000000016,1.314257128564282
0.11692500000000006,1.3150575287643822
-0.21061250000000006,1.3158579289644825
-0.3672125000000001,1.3166583291645824
-0.13246249999999998,1.3174587293646824
0.4141375000000001,1.3182591295647823
-0.5405687500000007,1.3190595297648826
-1.0871687500000005,1.3198599299649825
-1.0871687500000005,1.3206603301650826
-0.5405687500000007,1.3214607303651826
0.8515187500000002,1.3222611305652827
-0.47708125000000023,1.3230615307653828
-0.16423125000000013,1.3238619309654829
-1.49283125,1.324662331165583
-1.1482124999999999,1.3254627313656828
0.1803875000000001,1.326263131565783
0.9223375000000001,1.327063531765883
0.9223375000000001,1.327863931965983
0.5069250000000001,1.3286643321660832
-0.43067500000000014,1.3294647323661832
-2.227425,1.330265132566283
1.445175,1.3310655327663832
-0.6333562500000004,1.3318659329664833
-0.7889562500000006,1.3326663331665831
0.14864374999999974,1.3334667333666834
-1.5709562500000007,1.3342671335667835
-1.0871687500000005,1.3350675337668836
-0.5405687500000007,1.3358679339669837
-1.0871687500000005,1.3366683341670835
-0.5405687500000007,1.3374687343671836
2.0699250000000005,1.3382691345672837
-1.2116750000000003,1.3390695347673838
0.27317499999999995,1.339869934967484
0.11657499999999993,1.340670335167584
1.3523875000000005,1.341470735367684
0.8047875000000004,1.342271135567784
1.0395375000000002,1.343071535767884
1.1961375000000003,1.343871935967984
-1.6344437500000006,1.344672336168084
-2.1810437500000006,1.3454727363681842
-0.7742937500000007,1.3462731365682843
-0.22769375000000053,1.3470735367683844
-0.9842812500000009,1.3478739369684842
-0.9842812500000009,1.3486743371685843
-0.9452312500000007,1.3494747373686844
-1.8828312500000006,1.3502751375687845
-0.39162500000000017,1.3510755377688846
-0.39162500000000017,1.3518759379689846
0.35132500000000005,1.3526763381690847
0.5069250000000002,1.3534767383691846
0.4925125000000001,1.3542771385692849
-0.4450875000000001,1.3550775387693847
-0.054587500000000067,1.3558779389694848
0.1020125,1.356678339169585
0.1169124999999997,1.357478739369685
-0.8206875000000007,1.358279139569785
-1.0554375000000003,1.359079539769885
-0.11783750000000029,1.359879939969985
-0.7816375000000005,1.360680340170085
-0.7816375000000005,1.3614807403701852
0.8979125,1.3622811405702853
-1.2116875000000005,1.3630815407703851
-1.055425,1.3638819409704854
-0.5088250000000003,1.3646823411705853
-0.43067500000000025,1.3654827413706854
0.11692499999999983,1.3662831415707857
1.0395375000000002,1.3670835417708855
1.5861375000000004,1.3678839419709856
-0.6016125000000002,1.3686843421710857
-1.5392125,1.3694847423711858
-0.11771250000000025,1.3702851425712856
-1.4463125000000003,1.3710855427713855
0.8980375000000003,1.3718859429714858
-0.4305625000000002,1.372686343171586
1.2887875000000002,1.373486743371686
-0.8208125000000003,1.374287143571786
-0.5089625000000002,1.375087543771886
-1.0555625000000002,1.375887943971986
0.27317499999999995,1.376688344172086
-1.055425,1.3774887443721862
0.506925,1.3782891445722862
-0.8206750000000002,1.3790895447723863
0.18038750000000003,1.3798899449724864
-1.1482125,1.3806903451725865
0.41413750000000005,1.3814907453726863
-0.13246250000000007,1.3822911455727864
0.22676874999999996,1.3830915457728865
-1.10183125,1.3838919459729866
-0.20328125000000005,1.384692346173087
-0.20328125000000002,1.3854927463731868
0.006706249999999969,1.3862931465732868
0.16330625,1.3870935467733867
-1.7900437500000002,1.3878939469734868
0.3195562500000001,1.3886943471735869
0.8979250000000003,1.389494747373687
-0.43067500000000014,1.390295147573787
-0.0006249999999999867,1.391095547773887
-0.0006249999999999867,1.3918959479739872
1.3523875000000003,1.392696348174087
-0.7572125000000001,1.3934967483741871
-0.13246250000000004,1.3942971485742872
1.5861375000000004,1.3950975487743873
1.2892125000000003,1.3958979489744874
0.7416125000000002,1.3966983491745877
-2.6171375000000006,1.3974987493746875
-0.5085375000000005,1.3982991495747874
-0.36692499999999995,1.3990995497748877
0.18067500000000009,1.3998999499749876
0.5316250000000002,1.4007003501750876
0.5316250000000002,1.4015007503751875
0.5242937500000002,1.4023011505752878
-0.8033062499999999,1.4031015507753877
0.6024437500000006,1.4039019509754878
1.5400437500000008,1.4047023511755878
1.2428312500000003,1.405502751375688
-1.25776875,1.406303151575788
-1.8825187500000005,1.407103551775888
1.7890812500000006,1.4079039519759882
-0.4044031250000001,1.408704352176088
1.3151968750000003,1.409504752376188
-1.4201531250000001,1.4103051525762882
-0.09155312500000024,1.4111055527763885
-0.4190656250000001,1.4119059529764884
0.12853437499999998,1.4127063531765884
-0.8090656250000001,1.4135067533766883
0.518534375,1.4143071535767884
2.347028125000001,1.4151075537768885
1.0194281250000006,1.4159079539769883
1.3322781250000006,1.4167083541770886
-0.7773218749999997,1.4175087543771887
0.8778156249999999,1.4183091545772888
-1.6227843750000006,1.4191095547773889
-1.0755343750000004,1.4199099549774887
-0.9189343750000005,1.4207103551775888
-0.5231750000000002,1.421510755377689
1.1964250000000003,1.422311155577789
-1.1479249999999999,1.423111555777889
0.18067500000000003,1.4239119559779891
-0.4303875000000001,1.4247123561780892
1.2892125000000003,1.425512756378189
-1.0551375000000003,1.4263131565782892
-0.11753750000000018,1.4271135567783892
-0.08576874999999959,1.427913956978489
2.0238312500000006,1.4287143571785894
0.22708125000000012,1.4295147573786895
-2.27351875,1.4303151575787896
1.6572437500000006,1.4311155577788894
1.6572437500000006,1.4319159579789895
-1.19430625,1.4327163581790896
0.1342937500000002,1.4335167583791897
-1.4000437500000007,1.4343171585792898
-1.2434437500000006,1.4351175587793898
-2.3372937500000006,1.43591795897949
0.94430625,1.4367183591795898
-0.12515625000000022,1.43751875937969
-0.12515625000000025,1.43831915957979
0.5386437499999999,1.43911955977989
-0.7889562500000002,1.43991995997999
0.8979250000000002,1.4407203601800902
0.7413250000000003,1.4415207603801905
1.8351749999999998,1.44232116058029
-2.6174249999999994,1.4431215607803902
-1.1482125,1.4439219609804903
-0.21061249999999998,1.4447223611805904
0.2585375000000003,1.4455227613806905
1.9771375000000002,1.4463231615807906
0.8515187500000001,1.4471235617808906
-0.47708125000000035,1.4479239619809905
-0.7108312500000004,1.4487243621810906
-0.5552312500000002,1.4495247623811909
-0.11049375000000011,1.4503251625812907
-0.11049375000000014,1.4511255627813908
0.31955624999999993,1.451925962981491
-1.00904375,1.452726363181591
0.27317500000000006,1.4535267633816908
-0.27442500000000003,1.454327163581791
-0.43067500000000014,1.455127563781891
0.8979250000000003,1.455927963981991
-1.5392125,1.4567283641820912
0.18038750000000026,1.4575287643821913
1.5861375000000006,1.4583291645822911
0.6485375000000004,1.4591295647823912
0.506925,1.4599299649824913
-0.43067500000000025,1.4607303651825914
-1.8364250000000004,1.4615307653826914
-0.5088250000000005,1.4623311655827915
-0.24966250000000023,1.4631315657828916
-0.24966250000000023,1.4639319659829917
-0.7572125000000005,1.4647323661830915
-0.6016125000000003,1.4655327663831916
-1.7900437500000006,1.4663331665832915
-0.4624437500000007,1.4671335667833918
-1.1652937500000005,1.467933966983492
0.16330624999999965,1.468734367183592
1.24251875,1.469534767383692
-2.0390812500000006,1.470335167583792
-0.1642312500000002,1.471135567783892
-1.10183125,1.471935967983992
0.2585375000000001,1.472736368184092
0.41413750000000016,1.4735367683841922
0.1803875000000001,1.4743371685842923
0.023787500000000072,1.4751375687843924
-0.11782500000000018,1.4759379689844925
-1.055425,1.4767383691845923
0.3513250000000003,1.4775387693846924
0.8979250000000001,1.4783391695847925
-1.00904375,1.4791395697848926
0.31955625000000004,1.4799399699849929
-0.7742937500000001,1.4807403701850927
0.55330625,1.4815407703851926
-0.71083125,1.482341170585293
0.6167687500000001,1.4831415707853928
1.6325187500000005,1.4839419709854929
-1.64908125,1.484742371185593
-0.5942812500000002,1.485542771385693
-0.5942812500000002,1.486343171585793
-0.16423125000000027,1.487143571785893
-1.8828312500000002,1.487943971985993
-0.8914937500000009,1.4887443721860931
-0.8914937500000009,1.4895447723861932
-2.298243750000001,1.4903451725862933
-2.298243750000001,1.4911455727863934
-1.5243000000000002,1.4919459729864937
0.9763000000000002,1.492746373186593
-0.7428000000000002,1.4935467733866934
0.19480000000000008,1.4943471735867937
-0.09341249999999998,1.4951475737868936
-0.09341249999999995,1.4959479739869936
0.41413750000000016,1.4967483741870935
-0.5234625,1.4975487743871936
-0.11049375000000014,1.4983491745872937
-0.11049375000000014,1.4991495747873935
-1.7900437500000006,1.4999499749874938
-0.8524437500000005,1.500750375187594
-0.8670812500000007,1.501550775387694
-0.32048125000000055,1.502351175587794
-1.4928312500000005,1.503151575787894
0.22676874999999985,1.503951975987994
0.8979250000000002,1.504752376188094
0.7413250000000003,1.5055527763881942
-1.9536250000000004,1.5063531765882945
-1.9536250000000004,1.5071535767883943
-0.5234625000000003,1.5079539769884944
0.8051375000000002,1.5087543771885945
0.5703875000000003,1.5095547773886944
-1.5392125,1.5103551775887945
-2.1810437500000006,1.5111555777888943
-1.2434437500000008,1.5119559779889946
-0.8914937500000009,1.5127563781890947
-0.8914937500000009,1.5135567783891948
-1.64908125,1.5143571785892946
2.02351875,1.5151575787893947
-1.8828312500000004,1.5159579789894948
-0.5552312500000005,1.5167583791895949
-0.7572125000000002,1.517558779389695
0.5703874999999999,1.518359179589795
0.8051374999999998,1.5191595797898951
0.25853750000000003,1.519959979989995
-1.9926750000000004,1.520760380190095
0.5069250000000001,1.5215607803901952
-0.8988250000000007,1.5223611805902952
-1.4464250000000003,1.523161580790395
-0.27407500000000035,1.5239619809904954
-0.8206750000000005,1.5247623811905957
-1.0554250000000003,1.5255627813906951
-0.8988250000000004,1.5263631815907954
-1.1482125,1.5271635817908955
0.18038750000000003,1.5279639819909956
-1.3044625,1.5287643821910957
0.4141374999999999,1.5295647823911958
0.8979124999999998,1.5303651825912958
-1.9926875000000006,1.5311655827913957
-0.8988375000000007,1.5319659829914958
-1.8364375000000006,1.532766383191596
-1.0554375000000005,1.533566783391696
-0.8988375000000006,1.534367183591796
-0.9378875000000007,1.535167583791896
-0.9378875000000007,1.5359679839919962
-1.0554250000000003,1.536768384192096
-0.8988250000000005,1.537568784392196
0.11692499999999983,1.5383691845922962
-0.8206750000000005,1.5391695847923963
-1.1482125,1.5399699849924964
-0.21061250000000006,1.5407703851925965
-0.1324625000000002,1.5415707853926963
0.024137499999999867,1.5423711855927964
-0.22769375000000042,1.5431715857928965
-0.7742937500000004,1.5439719859929966
-0.07144375000000025,1.5447723861930966
-1.0090437500000002,1.5455727863931967
-0.8670812500000006,1.5463731865932968
0.07051874999999974,1.547173586793397
-1.4928312500000005,1.5479739869934968
0.22676874999999996,1.5487743871935968
-0.8670812500000006,1.549574787393697
0.07051874999999974,1.550375187593797
-0.5552312500000004,1.551175587793897
-0.7108312500000006,1.5519759879939972
-1.5562937500000005,1.5527763881940972
0.16330624999999988,1.553576788394197
-1.5172437500000004,1.5543771885942972
-1.5172437500000004,1.5551775887943973
-1.6026750000000005,1.5559779889944974
-0.2740750000000004,1.5567783891945974
-0.5088250000000003,1.5575787893946975
-1.4464250000000003,1.5583791895947976
0.18038749999999998,1.5591795897948977
-1.1482125,1.5599799899949975
-0.24966250000000006,1.5607803901950976
-0.24966250000000006,1.5615807903951977
-0.36721250000000016,1.5623811905952978
-0.2106125000000001,1.563181590795398
0.4141375,1.563981990995498
-0.5234625000000002,1.5647823911955978
0.11692499999999995,1.565582791395698
-1.6026750000000005,1.566383191595798
0.6631750000000001,1.567183591795898
-2.227425,1.567983991995998
-0.7352437500000005,1.5687843921960982
-0.7352437500000005,1.5695847923961983
-0.22769375000000025,1.5703851925962982
-1.1652937500000002,1.5711855927963982
0.07051874999999991,1.5719859929964983
-0.4770812500000001,1.5727863931965984
-1.4928312500000005,1.5735867933966985
0.22676875000000007,1.5743871935967986
-1.16529375,1.5751875937968989
0.5533062499999999,1.5759879939969983
-1.40004375,1.5767883941970986
-0.46244375000000015,1.577588794397199
-0.47708125000000023,1.5783891945972988
0.46051875,1.5791895947973988
-1.10183125,1.579989994997499
-0.16423125000000016,1.580790395197599
-0.21061250000000015,1.5815907953976989
-0.7572125000000003,1.582391195597799
0.14133750000000012,1.583191595797899
0.14133750000000012,1.5839919959979991
-0.4306750000000001,1.5847923961980992
0.5069250000000002,1.5855927963981993
-0.6644250000000004,1.5863931965982994
-0.5088250000000002,1.5871935967983992
-0.7569250000000006,1.5879939969984993
-0.6013250000000004,1.5887943971985994
0.4144249999999997,1.5895947973986997
-0.9131750000000004,1.5903951975987995
-0.8203875000000007,1.5911955977988996
0.11721249999999966,1.5919959979989995
-1.4461375000000003,1.5927963981990996
-0.8985375000000007,1.5935967983991997
0.18803125000000054,1.5943971985992995
0.18803125000000054,1.5951975987993998
0.6170812500000006,1.5959979989995
-0.7105187499999995,1.5967983991996
0.7586937500000015,1.5975987993996998
1.6962937500000017,1.5983991995998
6.618043750000002,1.5991995997999
2.5554437500000033,1.6
