电压(V),x轴(s)
-0.46039062500000016,0.0
-0.558940625,0.0008004002001
-0.5096656250000001,0.0016008004002001
-0.5096656250000001,0.0024012006003001
-0.5096656250000001,0.0032016008004002
-0.5096656250000001,0.0040020010005002
-0.5096656250000001,0.0048024012006003
-0.5096656250000001,0.0056028014007003
-0.5096656250000001,0.0064032016008004
-0.5096656250000001,0.0072036018009004
-0.5584406250000002,0.0080040020010005
-0.46089062500000005,0.0088044022011005
-0.2900281250000001,0.0096048024012006
-0.29002812500000014,0.0104052026013006
-0.7293031250000003,0.0112056028014007
-0.7293031250000003,0.0120060030015007
-0.045915625000000015,0.0128064032016008
-0.045915625000000015,0.0136068034017008
-0.04591562499999999,0.0144072036018009
-0.045915625000000015,0.0152076038019009
-0.558803125,0.016008004002001
-0.558803125,0.016808404202101
0.41819687499999997,0.0176088044022011
0.5157468750000002,0.0184092046023011
-0.070553125,0.0192096048024012
-0.07055312500000002,0.0200100050025012
-0.02127812499999998,0.0208104052026013
-0.02127812499999998,0.0216108054027013
-0.31452812500000027,0.0224112056028014
-0.41207812499999996,0.0232116058029014
0.22219687500000013,0.0240120060030015
0.32074687499999993,0.0248124062031015
0.11320312500000002,0.0256128064032016
0.015653124999999823,0.0264132066033016
0.015653125000000045,0.0272136068034017
0.015653125000000045,0.0280140070035017
0.040040624999999996,0.0288144072036018
0.040040624999999996,0.0296148074037018
0.040040624999999996,0.0304152076038019
0.040040624999999996,0.0312156078039019
0.259928125,0.032016008004002
0.259928125,0.032816408204102
-0.17984687500000002,0.0336168084042021
-0.17984687500000002,0.0344172086043021
0.0893156249999999,0.0352176088044022
-0.009234374999999906,0.0360180090045022
0.040040624999999996,0.0368184092046023
0.040040624999999996,0.0376188094047023
0.36909687500000005,0.0384192096048024
0.36909687500000005,0.0392196098049024
-0.8511781250000003,0.0400200100050025
-0.8511781250000003,0.0408204102051025
-0.7536781250000003,0.0416208104052026
-0.7536781250000003,0.0424212106053026
0.2715968749999999,0.0432216108054027
0.2715968749999999,0.0440220110055027
-0.24104062500000015,0.0448224112056028
-0.24104062500000017,0.0456228114057028
-0.24104062500000017,0.0464232116058029
-0.24104062500000015,0.0472236118059029
-0.24104062500000017,0.048024012006003
-0.24104062500000017,0.048824412206103
-0.24104062500000017,0.0496248124062031
-0.24104062500000017,0.0504252126063031
-0.07027812500000011,0.0512256128064032
-0.07027812500000008,0.0520260130065032
-0.11905312499999998,0.0528264132066033
-0.11905312499999995,0.0536268134067033
-0.09466562500000003,0.0544272136068034
-0.09466562500000003,0.0552276138069034
-0.09466562500000003,0.0560280140070035
-0.09466562500000003,0.0568284142071035
-0.3389406250000001,0.0576288144072036
0.149609375,0.0584292146073036
-0.09466562500000003,0.0592296148074037
-0.09466562500000006,0.0600300150075037
-0.09466562500000003,0.0608304152076038
-0.09466562500000003,0.0616308154077038
-0.09466562500000003,0.0624312156078039
-0.09466562500000003,0.0632316158079039
-0.3387906250000002,0.064032016008004
-0.33879062500000023,0.064832416208104
-1.3640656250000005,0.0656328164082041
0.6864843750000003,0.0664332166083041
-0.3144031250000002,0.0672336168084042
-0.3144031250000002,0.0680340170085042
-0.3631781250000001,0.0688344172086043
-0.3631781250000001,0.0696348174087043
-0.3387906250000002,0.0704352176088044
-0.3387906250000002,0.0712356178089044
-0.3387906250000002,0.0720360180090045
-0.3387906250000002,0.0728364182091045
-0.5096531250000004,0.0736368184092046
-0.9982031250000002,0.0744372186093046
0.07634687499999993,0.0752376188094047
0.07634687499999998,0.0760380190095047
-0.21685312500000015,0.0768384192096048
-0.21685312500000015,0.0776388194097048
-0.21685312500000015,0.0784392196098049
-0.21685312500000015,0.0792396198099049
-0.21685312500000015,0.080040020010005
-0.21685312500000015,0.080840420210105
-0.21685312500000015,0.0816408204102051
-0.21685312500000012,0.0824412206103051
-0.16807812500000008,0.0832416208104052
-0.2656281250000002,0.0840420210105052
-0.21685312500000017,0.0848424212106053
-0.21685312500000015,0.0856428214107053
-0.21685312500000012,0.0864432216108054
-0.21685312500000015,0.0872436218109054
0.02742187499999993,0.0880440220110055
-0.4611281250000002,0.0888444222111055
-1.0960031250000002,0.0896448224112056
0.174546875,0.0904452226113056
-0.46072812500000015,0.0912456228114057
-0.46072812500000015,0.0920460230115057
-0.6806156250000002,0.0928464232116058
-0.6806156250000002,0.0936468234117058
-0.24084062500000014,0.0944472236118059
-0.24084062500000014,0.0952476238119059
-1.3150906250000005,0.096048024012006
-1.412640625,0.096848424212106
0.44240937500000005,0.0976488244122061
0.44240937500000005,0.0984492246123061
-0.24084062500000014,0.0992496248124062
-1.510390625,0.1000500250125062
-0.04584062500000022,0.1008504252126063
-0.04584062500000019,0.1016508254127063
-0.1187781250000001,0.1024512256128064
-0.11877812500000012,0.1032516258129064
-0.754053125,0.1040520260130065
-0.754053125,0.1048524262131065
0.2717218750000001,0.1056528264132066
0.2717218750000001,0.1064532266133066
-1.5838281250000001,0.1072536268134067
-0.7052781250000001,0.1080540270135067
-0.43641562500000003,0.1088544272136068
-0.4364156250000001,0.1096548274137068
0.002859375000000053,0.1104552276138069
-0.8756906250000001,0.1112556278139069
-0.436415625,0.112056028014007
-0.4364156250000001,0.112856428214107
-0.43641562500000003,0.1136568284142071
-0.43641562500000003,0.1144572286143071
-0.4364656250000003,0.1152576288144072
-0.534015625,0.1160580290145072
-0.4364656250000003,0.1168584292146073
-0.43646562500000025,0.1176588294147073
-0.41207812500000035,0.1184592296148074
-0.5096281250000001,0.1192596298149074
-0.41207812500000035,0.1200600300150075
-0.5096281250000001,0.1208604302151075
-0.27529687499999994,0.1216608304152076
-0.27529687499999994,0.1224612306153076
-0.27529687499999994,0.1232616308154077
-0.27529687499999994,0.1240620310155077
-0.6464093750000005,0.1248624312156078
-0.6464093750000005,0.1256628314157078
-0.6464093750000005,0.1264632316158079
-0.6464093750000005,0.1272636318159079
0.05203437499999991,0.128064032016008
0.05203437499999991,0.128864432216108
-0.3877406250000001,0.1296648324162081
-0.38774062500000017,0.1304652326163081
0.07642187499999997,0.1312656328164082
-0.4121281250000002,0.1320660330165082
-0.4121281250000002,0.1328664332166083
0.07642187499999997,0.1336668334167083
-0.21662812500000023,0.1344672336168084
-0.119078125,0.1352676338169084
-0.1678531250000001,0.1360680340170085
-0.16785312500000008,0.1368684342171085
-0.1678531250000001,0.1376688344172086
-0.16785312500000013,0.1384692346173086
-0.16785312500000013,0.1392696348174087
-0.1678531250000001,0.1400700350175087
-0.143478125,0.1408704352176088
-0.143478125,0.1416708354177088
-0.14347812500000004,0.1424712356178089
-0.14347812500000004,0.1432716358179089
-0.16811562499999977,0.144072036018009
0.711434375,0.144872436218109
-0.5586156250000002,0.1456728364182091
-0.5586156250000002,0.1464732366183091
-0.14347812500000004,0.1472736368184092
-0.14347812500000007,0.1480740370185092
-0.143478125,0.1488744372186093
-0.14347812500000007,0.1496748374187093
0.2962968749999998,0.1504752376188094
-0.5832531249999999,0.1512756378189094
-0.14347812500000004,0.1520760380190095
-0.14347812500000007,0.1528764382191095
-0.36316562500000016,0.1536768384192096
-0.36316562500000016,0.1544772386193096
-0.36316562500000016,0.1552776388194097
-0.36316562500000016,0.1560780390195097
-0.36316562500000016,0.1568784392196098
-0.36316562500000016,0.1576788394197098
-0.411940625,0.1584792396198099
-0.3143906250000003,0.1592796398199099
-0.48530312500000017,0.16008004002001
-0.48530312500000017,0.16088044022011
-0.24102812500000018,0.1616808404202101
-0.24102812500000018,0.1624812406203101
-0.14327812500000017,0.1632816408204102
-0.14327812500000017,0.1640820410205102
-0.5830531250000002,0.1648824412206103
-0.5830531250000002,0.1656828414207103
-0.04877500000000007,0.1664832416208104
0.04877500000000007,0.1672836418209104
0.0,0.1680840420210105
0.0,0.1688844422211105
-0.4397749999999999,0.1696848424212106
0.43977499999999986,0.1704852426213106
-0.24427500000000002,0.1712856428214107
0.24427500000000002,0.1720860430215107
0.07361249999999997,0.1728864432216108
0.9521625000000001,0.1736868434217108
-0.5128875,0.1744872436218109
-0.5128875,0.1752876438219109
0.4151375000000001,0.176088044022011
0.4151375000000001,0.176888444222111
-1.0499125,0.1776888444222111
0.21963749999999987,0.1784892446223111
-0.2900406250000002,0.1792896448224112
-0.2900406250000002,0.1800900450225112
-0.2900406250000002,0.1808904452226113
-0.2900406250000002,0.1816908454227113
-0.2654031250000003,0.1824912456228114
-0.2654031250000003,0.1832916458229114
-0.31467812500000003,0.1840920460230115
-0.3146781250000001,0.1848924462231115
0.027346874999999826,0.1856928464232116
0.027346874999999826,0.1864932466233116
-0.6074281250000002,0.1872936468234117
-0.6074281250000002,0.1880940470235117
-0.2900406250000002,0.1888944472236118
-0.2900406250000002,0.1896948474237118
-0.2900406250000002,0.1904952476238119
-0.2900406250000002,0.1912956478239119
-0.02154062499999998,0.192096048024012
-0.021540625000000008,0.192896448224112
-0.021540625000000008,0.1936968484242121
-0.021540625000000008,0.1944972486243121
-0.0459281249999999,0.1952976488244122
-0.04592812499999993,0.1960980490245122
0.002846874999999971,0.1968984492246123
0.002846874999999971,0.1976988494247123
0.29584687500000006,0.1984992496248124
0.29584687500000006,0.1992996498249124
-0.338928125,0.2001000500250125
-0.338928125,0.2009004502251125
-0.021540625000000008,0.2017008504252126
-0.02154062499999998,0.2025012506253126
-0.02154062499999998,0.2033016508254127
-0.02154062499999998,0.2041020510255127
-0.09472812500000002,0.2049024512256128
-0.09472812500000002,0.2057028514257128
-0.094728125,0.2065032516258129
-0.09472812500000002,0.2073036518259129
-0.09472812500000002,0.208104052026013
-0.094728125,0.208904452226113
-0.09472812500000002,0.2097048524262131
-0.09472812500000002,0.2105052526263131
0.14954687500000002,0.2113056528264132
-0.33900312500000007,0.2121060530265132
0.5400468749999999,0.2129064532266133
-0.729503125,0.2137068534267133
0.6134093750000001,0.2145072536268134
0.6134093750000001,0.2153076538269134
-0.8028656250000001,0.2161080540270135
-0.8028656250000001,0.2169084542271135
0.064478125,0.2177088544272136
0.064478125,0.2185092546273136
0.11325312500000012,0.2193096548274137
0.01570312499999993,0.2201100550275137
-0.17979687500000002,0.2209104552276138
0.3087531250000001,0.2217108554277138
0.06447812500000005,0.2225112556278139
0.064478125,0.2233116558279139
0.06447812500000005,0.224112056028014
0.06447812500000005,0.224912456228114
0.064478125,0.2257128564282141
0.06447812500000005,0.2265132566283141
0.06447812500000005,0.2273136568284142
0.064478125,0.2281140570285142
0.064478125,0.2289144572286143
0.06447812500000005,0.2297148574287143
-0.16791562500000007,0.2305152576288144
-0.16791562500000007,0.2313156578289144
-0.16791562500000007,0.2321160580290145
-0.16791562500000007,0.2329164582291145
-0.2900531250000001,0.2337168584292146
-0.2900531250000001,0.2345172586293146
-0.045778125000000086,0.2353176588294147
-0.045778125000000114,0.2361180590295147
-0.19255312500000005,0.2369184592296148
-0.19255312500000005,0.2377188594297148
-0.14327812500000014,0.2385192596298149
-0.14327812500000012,0.2393196598299149
-0.16791562500000007,0.240120060030015
-0.16791562500000007,0.240920460230115
-0.8026906250000001,0.2417208604302151
0.4668593749999999,0.2425212606303151
0.1741718749999997,0.2433216608304152
-0.705378125,0.2441220610305152
-0.705378125,0.2449224612306153
0.1741718749999997,0.2457228614307153
-0.26560312500000016,0.2465232616308154
-0.26560312500000016,0.2473236618309154
-0.26560312500000016,0.2481240620310155
-0.26560312500000016,0.2489244622311155
0.34478437499999987,0.2497248624312156
0.34478437499999987,0.2505252626313157
-0.8759906250000002,0.2513256628314157
-0.8759906250000002,0.2521260630315158
-0.04571562500000015,0.2529264632316158
-0.045715625000000176,0.2537268634317158
-1.120265625,0.2545272636318159
0.1492843749999998,0.2553276638319159
-0.11891562500000011,0.256128064032016
-0.11891562500000011,0.256928464232116
-0.11891562500000011,0.2577288644322161
-0.11891562500000011,0.2585292646323162
-0.11891562500000014,0.2593296648324162
-0.11891562500000011,0.2601300650325163
-0.11891562500000011,0.2609304652326163
-0.11891562500000014,0.2617308654327164
-0.11891562500000008,0.2625312656328164
-0.11891562500000011,0.2633316658329164
-0.11891562500000008,0.2641320660330165
-0.11891562500000011,0.2649324662331165
-0.24080312500000015,0.2657328664332166
-0.2408031250000001,0.2665332666333166
0.0029718749999999017,0.2673336668334167
0.0029718749999999017,0.2681340670335168
0.7841093749999999,0.2689344672336168
-1.266440625,0.2697348674337169
-0.24116562500000008,0.2705352676338169
-0.24116562500000002,0.271335667833917
0.9796093750000001,0.272136068034017
-1.4619406250000002,0.2729364682341171
-0.24116562500000002,0.2737368684342171
-0.24116562500000002,0.2745372686343171
-0.24116562500000002,0.2753376688344172
-0.24116562500000005,0.2761380690345172
-0.24116562500000008,0.2769384692346173
-0.24116562500000005,0.2777388694347174
-1.6569406250000003,0.2785392696348174
1.1746093750000002,0.2793396698349175
-0.24116562500000005,0.2801400700350175
-0.24116562500000005,0.2809404702351176
-0.8516781250000002,0.2817408704352176
-0.8516781250000002,0.2825412706353177
0.22287187499999989,0.2833416708354177
0.1253218749999997,0.2841420710355177
-0.29001562500000017,0.2849424712356178
-0.3875656250000003,0.2857428714357178
-0.33879062500000023,0.2865432716358179
-0.33879062500000023,0.2873436718359179
-0.33879062500000023,0.288144072036018
-0.33879062500000023,0.2889444722361181
-0.33879062500000023,0.2897448724362181
-0.33879062500000023,0.2905452726363182
-0.33879062500000023,0.2913456728364182
-0.33879062500000023,0.2921460730365183
-0.33879062500000023,0.2929464732366183
-0.33879062500000023,0.2937468734367184
-0.11927812500000015,0.2945472736368184
-0.11927812500000015,0.2953476738369184
-0.363053125,0.2961480740370185
-0.363053125,0.2969484742371185
-0.24116562500000008,0.2977488744372186
-0.24116562500000005,0.2985492746373187
-0.24116562500000005,0.2993496748374187
-0.24116562500000008,0.3001500750375188
-0.11902812500000007,0.3009504752376188
-0.997578125,0.3017508754377189
0.07597187499999991,0.3025512756378189
0.07597187499999991,0.303351675837919
-0.19239062499999998,0.304152076038019
-0.2899406250000001,0.304952476238119
-0.24116562500000008,0.3057528764382191
-0.24116562500000005,0.3065532766383191
-0.1922156250000002,0.3073536768384192
-0.6807656249999999,0.3081540770385192
0.003284374999999895,0.3089544772386193
0.003284374999999895,0.3097548774387194
0.29603437499999996,0.3105552776388194
0.29603437499999996,0.3113556778389195
-0.7292406250000001,0.3121560780390195
-0.7292406250000001,0.3129564782391196
-0.2166031250000001,0.3137568784392196
-0.2166031250000001,0.3145572786393197
-0.2166031250000001,0.3153576788394197
-0.21660312500000012,0.3161580790395197
-1.363765625,0.3169584792396198
0.295784375,0.3177588794397198
0.05150937499999991,0.3185592796398199
0.15005937499999972,0.31935967983992
-0.5097906250000002,0.32016008004002
-0.5097906250000002,0.3209604802401201
-0.26551562500000014,0.3217608804402201
-0.7540656250000002,0.3225612806403202
-0.8759531250000001,0.3233616808404202
-0.7784031250000005,0.3241620810405203
-0.19240312500000017,0.3249624812406203
-0.19240312500000017,0.3257628814407203
-0.5097906250000002,0.3265632816408204
-0.5097906250000002,0.3273636818409204
-0.5097906250000002,0.3281640820410205
-0.5097906250000002,0.3289644822411205
-0.48540312500000027,0.3297648824412206
-0.4854031250000003,0.3305652826413207
-0.5834531249999999,0.3313656828414207
-0.48490312500000016,0.3321660830415208
0.14953437499999978,0.3329664832416208
0.14953437499999978,0.3337668834417209
-1.0712406250000004,0.3345672836418209
-1.0712406250000004,0.335367683841921
-0.46085312500000025,0.336168084042021
-0.46085312500000025,0.336968484242121
-0.46085312500000025,0.3377688844422211
-0.4608531250000003,0.3385692846423211
-0.9737406250000002,0.3393696848424212
-0.9737406250000002,0.3401700850425213
0.052034374999999744,0.3409704852426213
0.052034374999999744,0.3417708854427214
-0.46085312500000025,0.3425712856428214
-0.46085312500000025,0.3433716858429215
-0.46085312500000025,0.3441720860430215
-0.4608531250000003,0.3449724862431216
-0.29890000000000005,0.3457728864432216
-0.2003500000000003,0.3465732866433217
-0.24962500000000018,0.3473736868434217
-0.24962500000000018,0.3481740870435217
-0.2496250000000002,0.3489744872436218
-0.24962500000000015,0.3497748874437218
-0.2496250000000002,0.3505752876438219
-0.24962500000000018,0.351375687843922
-0.18345625000000004,0.352176088044022
-0.18345625000000004,0.3529764882441221
-0.18345625000000002,0.3537768884442221
-0.18345625000000004,0.3545772886443222
-0.18345625000000004,0.3553776888444222
-0.18345625000000002,0.3561780890445223
-0.18345625000000007,0.3569784892446223
-0.18345625000000004,0.3577788894447223
-0.3389406250000001,0.3585792896448224
0.14960937500000004,0.3593796898449224
-0.045890625000000185,0.3601800900450225
-0.14344062499999993,0.3609804902451226
0.149609375,0.3617808904452226
-0.3389406250000001,0.3625812906453227
-0.9249406249999998,0.3633816908454227
0.7356093749999999,0.3641820910455228
-0.11905312500000004,0.3649824912456228
-0.11905312500000004,0.3657828914457229
-0.07027812500000005,0.3665832916458229
-0.07027812500000002,0.367383691845923
-0.6073031250000002,0.368184092046023
-0.6073031250000002,0.368984492246123
0.417971875,0.3697848924462231
0.417971875,0.3705852926463231
-0.3631906250000003,0.3713856928464232
-0.26564062500000013,0.3721860930465233
-0.3144156250000002,0.3729864932466233
-0.3144156250000002,0.3737868934467234
-0.07014062500000012,0.3745872936468234
-0.5586906250000002,0.3753876938469235
-0.3144156250000002,0.3761880940470235
-0.3144156250000002,0.3769884942471236
-0.5343031250000002,0.3777888944472236
-0.5343031250000002,0.3785892946473236
-0.09452812500000018,0.3793896948474237
-0.09452812500000018,0.3801900950475237
-0.3144156250000002,0.3809904952476238
-0.3144156250000002,0.3817908954477239
-0.3144156250000002,0.3825912956478239
-0.3144156250000002,0.383391695847924
-0.24122812500000015,0.384192096048024
-0.24122812500000015,0.3849924962481241
-0.19245312500000006,0.3857928964482241
-0.29000312500000025,0.3865932966483242
-0.24122812500000013,0.3873936968484242
-0.24122812500000015,0.3881940970485243
-0.19245312500000028,0.3889944972486243
-0.29000312500000003,0.3897948974487243
-0.24122812500000013,0.3905952976488244
-0.24122812500000013,0.3913956978489245
-0.24122812500000015,0.3921960980490245
-0.24122812500000015,0.3929964982491246
0.36890937500000004,0.3937968984492246
0.36890937500000004,0.3945972986493247
-0.8513656250000005,0.3953976988494247
-0.8513656250000005,0.3961980990495248
-0.04590312500000018,0.3969984992496248
-0.04590312500000018,0.3977988994497249
-0.09467812499999984,0.3985992996498249
-0.09467812499999981,0.3993996998499249
0.7599843749999998,0.400200100050025
-0.9005656249999999,0.401000500250125
-0.07029062500000002,0.4018009004502251
-0.07029062500000002,0.4026013006503252
-0.07029062500000002,0.4034017008504252
-0.07029062500000002,0.4042021010505253
-0.070290625,0.4050025012506253
-0.070290625,0.4058029014507254
-0.070290625,0.4066033016508254
-0.070290625,0.4074037018509255
-0.070290625,0.4082041020510255
-0.070290625,0.4090045022511256
-0.8116374999999997,0.4098049024512256
1.2399124999999998,0.4106053026513256
-0.4206375000000001,0.4114057028514257
-0.4206375000000001,0.4122061030515258
0.3118875000000001,0.4130065032516258
0.3118875000000001,0.4138069034517259
-0.5183875000000001,0.4146073036518259
-0.5183875000000001,0.415407703851926
0.18255625000000003,0.416208104052026
0.18255625000000003,0.4170085042521261
-0.06171874999999993,0.4178089044522261
-0.06171874999999993,0.4186093046523262
0.06041875000000008,0.4194097048524262
0.06041875000000008,0.4202101050525263
0.06041875000000002,0.4210105052526263
0.06041875000000008,0.4218109054527263
-0.2899781250000002,0.4226113056528264
-0.2899781250000002,0.4234117058529265
-0.2899781250000002,0.4242121060530265
-0.2899781250000002,0.4250125062531266
-0.31436562500000015,0.4258129064532266
-0.31436562500000015,0.4266133066533267
-0.2655906250000002,0.4274137068534267
-0.2655906250000002,0.4282141070535268
-0.31436562500000015,0.4290145072536268
-0.31436562500000015,0.4298149074537269
-0.2655906250000002,0.4306153076538269
-0.2655906250000002,0.4314157078539269
-0.2899781250000002,0.432216108054027
-0.2899781250000002,0.4330165082541271
-0.5342531250000002,0.4338169084542271
-0.04570312500000018,0.4346173086543272
-0.3875406250000003,0.4354177088544272
-0.3875406250000003,0.4362181090545273
-0.3875406250000003,0.4370185092546273
-0.3875406250000003,0.4378189094547274
-0.7049281250000003,0.4386193096548274
-0.7049281250000003,0.4394197098549275
-0.07015312500000029,0.4402201100550275
-0.07015312500000026,0.4410205102551276
-0.8268156250000004,0.4418209104552276
0.05173437499999978,0.4426213106553276
-0.3875406250000003,0.4434217108554277
-0.3875406250000003,0.4442221110555278
-0.16765312500000032,0.4450225112556278
-0.1676531250000003,0.4458229114557279
-0.6074281250000003,0.4466233116558279
-0.6074281250000003,0.447423711855928
-0.5830531250000002,0.448224112056028
-0.5830531250000002,0.4490245122561281
-0.14327812500000014,0.4498249124562281
-0.1432781250000002,0.4506253126563282
-0.5830531250000002,0.4514257128564282
-0.5830531250000002,0.4522261130565282
-0.14327812500000017,0.4530265132566283
-0.14327812500000017,0.4538269134567284
-0.36316562500000016,0.4546273136568284
-0.36316562500000016,0.4554277138569285
-0.36316562500000016,0.4562281140570285
-0.36316562500000016,0.4570285142571286
-0.36316562500000016,0.4578289144572286
-0.36316562500000016,0.4586293146573287
0.6626093749999995,0.4594297148574287
-1.3889406249999998,0.4602301150575288
-0.3143531250000002,0.4610305152576288
-0.3143531250000002,0.4618309154577289
-0.3143531250000002,0.4626313156578289
-0.3143531250000002,0.4634317158579289
-0.3143531250000002,0.464232116058029
-0.3143531250000002,0.4650325162581291
-0.3143531250000001,0.4658329164582291
-0.3143531250000002,0.4666333166583292
-0.3143531250000002,0.4674337168584292
-0.31435312500000023,0.4682341170585293
-0.3143531250000002,0.4690345172586293
-0.3143531250000001,0.4698349174587294
-0.4852656249999998,0.4706353176588294
-0.3877156250000004,0.4714357178589295
-0.19221562500000025,0.4722361180590295
-0.19221562500000022,0.4730365182591295
0.320346875,0.4738369184592296
-0.9492031249999999,0.4746373186593297
0.12534687500000002,0.4754377188594297
0.12534687500000002,0.4762381190595298
-1.144203125,0.4770385192596298
0.12534687499999997,0.4778389194597299
-0.1189281250000001,0.4786393196598299
0.7596218750000001,0.47943971985993
-0.09454062499999999,0.48024012006003
-0.09454062499999999,0.4810405202601301
-0.33881562500000006,0.4818409204602301
0.14973437500000003,0.4826413206603302
-0.09454062499999999,0.4834417208604302
-0.09454062499999999,0.4842421210605303
0.7357343749999998,0.4850425212606303
-0.9248156249999999,0.4858429214607304
-0.6807531250000001,0.4866433216608304
-0.19220312500000003,0.4874437218609305
-0.43647812500000005,0.4882441220610305
-0.43647812500000005,0.4890445222611306
-0.43647812500000005,0.4898449224612306
-0.43647812500000005,0.4906453226613307
-0.43647812500000005,0.4914457228614307
-0.43647812500000005,0.4922461230615308
-0.43647812500000005,0.4930465232616308
-0.43647812500000005,0.4938469234617309
-0.43647812500000005,0.4946473236618309
-0.43647812500000005,0.495447723861931
-0.8516156250000002,0.496248124062031
-0.8516156250000002,0.4970485242621311
-0.021340624999999946,0.4978489244622311
-0.021340624999999946,0.4986493246623312
-1.3643156250000001,0.4994497248624312
0.2962343749999997,0.5002501250625313
-0.4852656250000001,0.5010505252626314
-0.5828156250000003,0.5018509254627314
-0.8514281250000003,0.5026513256628314
-0.8514281250000003,0.5034517258629315
-0.21665312500000017,0.5042521260630316
-0.21665312500000017,0.5050525262631316
-0.4119031250000002,0.5058529264632317
-0.4119031250000002,0.5066533266633317
-0.6561781250000002,0.5074537268634317
-0.6561781250000002,0.5082541270635318
-0.9491781250000002,0.5090545272636319
-0.9491781250000002,0.5098549274637318
-0.11890312500000005,0.5106553276638319
-0.11890312500000011,0.511455727863932
-0.5827406250000002,0.5122561280640321
0.2958093749999999,0.5130565282641321
-0.19224062499999997,0.5138569284642321
-0.192240625,0.5146573286643322
-0.16785312500000013,0.5154577288644322
-0.16785312500000008,0.5162581290645323
-0.11907812500000003,0.5170585292646324
-0.2166281250000002,0.5178589294647324
-0.1678531250000001,0.5186593296648324
-0.16785312500000013,0.5194597298649325
0.4669218749999999,0.5202601300650326
-0.802628125,0.5210605302651325
-0.1678531250000001,0.5218609304652326
-0.1678531250000001,0.5226613306653327
0.07642187499999992,0.5234617308654328
-0.4121281250000002,0.5242621310655328
-0.13470625000000006,0.5250625312656328
-0.13470625000000008,0.5258629314657329
-0.13470625000000006,0.5266633316658329
-0.13470625000000003,0.527463731865933
-0.3545937500000001,0.5282641320660331
-0.3545937500000001,0.5290645322661331
0.08518124999999993,0.5298649324662331
0.08518124999999993,0.5306653326663332
-0.4201624999999999,0.5314657328664333
-0.3226125000000004,0.5322661330665333
-0.32311250000000025,0.5330665332666333
-0.32311250000000025,0.5338669334667334
0.0681374999999999,0.5346673336668335
0.06813749999999985,0.5354677338669335
-0.7626375000000002,0.5362681340670336
-0.7626375000000002,0.5370685342671336
-0.6561031250000005,0.5378689344672336
-0.6561031250000005,0.5386693346673337
-0.7048781250000004,0.5394697348674338
-0.6073281250000006,0.5402701350675339
-0.6561031250000005,0.5410705352676338
-0.6561031250000005,0.5418709354677339
-0.6073281250000006,0.542671335667834
-0.7048781250000004,0.543471735867934
-0.5337156250000005,0.544272136068034
-0.5337156250000005,0.5450725362681341
-0.7784906250000003,0.5458729364682342
-0.7784906250000003,0.5466733366683342
-0.6068281250000006,0.5474737368684343
-0.7053781250000003,0.5482741370685343
-0.6561031250000005,0.5490745372686343
-0.6561031250000005,0.5498749374687344
-0.48522812500000023,0.5506753376688345
-0.4852281250000002,0.5514757378689346
-0.4852281250000002,0.5522761380690345
-0.4852281250000002,0.5530765382691346
-0.4852281250000002,0.5538769384692347
-0.4852281250000001,0.5546773386693347
-0.4852281250000002,0.5554777388694347
-0.4852281250000001,0.5562781390695348
0.1495468749999998,0.5570785392696348
-1.1200031250000002,0.5578789394697349
-0.4852281250000002,0.558679339669835
-0.4852281250000001,0.559479739869935
-0.045453125000000316,0.560280140070035
-0.925003125,0.5610805402701351
-0.4852281250000002,0.5618809404702352
-0.4852281250000002,0.5626813406703352
-0.387628125,0.5634817408704352
-0.2900781250000003,0.5642821410705353
-0.33885312500000014,0.5650825412706354
-0.33885312500000014,0.5658829414707354
-0.33885312500000014,0.5666833416708354
-0.33885312500000014,0.5674837418709355
-0.33885312500000014,0.5682841420710355
-0.33885312500000014,0.5690845422711356
-0.6559906250000003,0.5698849424712357
-0.6559906250000003,0.5706853426713357
-0.02171562500000007,0.5714857428714357
-0.02171562500000007,0.5722861430715358
-0.3632406250000001,0.5730865432716359
-0.3632406250000001,0.5738869434717359
-0.26569062500000035,0.5746873436718359
-0.36324062500000004,0.575487743871936
-1.0222031250000003,0.5762881440720361
-0.14365312500000005,0.5770885442721361
-0.14365312500000027,0.5778889444722362
-0.1436531250000003,0.5786893446723362
-0.3632906250000002,0.5794897448724362
-0.3632906250000002,0.5802901450725363
-0.3632906250000002,0.5810905452726364
-0.3632906250000002,0.5818909454727365
-0.3632906250000002,0.5826913456728364
-0.3632906250000002,0.5834917458729365
-0.3632906250000002,0.5842921460730366
-0.3632906250000002,0.5850925462731366
0.0518468749999999,0.5858929464732366
0.0518468749999999,0.5866933466733367
-0.7296531250000006,0.5874937468734368
-0.8272031250000002,0.5882941470735368
-0.19235312500000007,0.5890945472736369
-0.19235312500000007,0.5898949474737369
-0.19235312500000004,0.5906953476738369
-0.19235312500000004,0.591495747873937
-0.192353125,0.5922961480740371
-0.19235312500000007,0.5930965482741372
-0.19235312500000004,0.5938969484742371
-0.19235312500000004,0.5946973486743372
-0.19235312500000004,0.5954977488744373
-0.19235312500000007,0.5962981490745373
0.2474218749999998,0.5970985492746373
-0.6321281249999999,0.5978989494747374
0.24692187500000007,0.5986993496748375
-0.6316281250000001,0.5994997498749375
-0.192353125,0.6003001500750376
-0.192353125,0.6011005502751376
-0.5585531250000002,0.6019009504752376
-0.5585531250000002,0.6027013506753377
0.27172187500000006,0.6035017508754378
0.27172187500000006,0.6043021510755378
-0.14341562500000007,0.6051025512756378
-0.14341562500000005,0.6059029514757379
-0.14341562500000005,0.606703351675838
-0.1434156250000001,0.607503751875938
-0.607578125,0.608304152076038
-0.5100281250000004,0.6091045522761381
0.516246875,0.6099049524762381
0.027696874999999954,0.6107053526763382
0.10085937499999997,0.6115057528764383
-0.3876906250000002,0.6123061530765384
-0.14341562500000005,0.6131065532766383
-0.14341562500000005,0.6139069534767384
0.3573656250000001,0.6147073536768385
0.3573656250000001,0.6155077538769385
-0.22863437500000008,0.6163081540770385
-0.3261843749999998,0.6171085542771386
0.0887531250000001,0.6179089544772387
-0.008796875000000037,0.6187093546773387
0.03997812500000003,0.6195097548774388
0.03997812500000003,0.6203101550775388
1.3828906250000004,0.6211105552776388
0.8943406250000003,0.6219109554777389
-0.8143843750000003,0.622711355677839
-1.302934375,0.6235117558779391
1.1388656250000004,0.624312156078039
1.1388656250000004,0.6251125562781391
-1.0589093750000003,0.6259129564782392
-1.0589093750000003,0.6267133566783392
0.024387500000000006,0.6275137568784392
0.024387500000000006,0.6283141570785393
-0.024387500000000006,0.6291145572786394
-0.024387500000000006,0.6299149574787394
0.0,0.6307153576788395
0.0,0.6315157578789395
0.0,0.6323161580790395
0.0,0.6331165582791396
0.0,0.6339169584792397
0.0,0.6347173586793398
-1.0252750000000004,0.6355177588794397
1.0252750000000004,0.6363181590795398
0.0,0.6371185592796399
0.0,0.6379189594797399
0.04877500000000007,0.63871935967984
-0.04877500000000007,0.63951975987994
-0.29004062500000005,0.6403201600800401
-0.29004062500000005,0.6411205602801401
0.3447343749999999,0.6419209604802402
-0.924815625,0.6427213606803402
-0.5343156250000001,0.6435217608804402
-0.045765625000000004,0.6443221610805403
-0.3388156249999999,0.6451225612806404
-0.24126562500000015,0.6459229614807405
-0.41217812500000006,0.6467233616808404
-0.41217812500000006,0.6475237618809405
-0.1679031250000001,0.6483241620810406
-0.16790312500000007,0.6491245622811406
-0.26565312500000016,0.6499249624812407
-0.754203125,0.6507253626813407
-0.02137812499999997,0.6515257628814407
-0.11892812500000016,0.6523261630815408
-0.4120406250000002,0.6531265632816409
-0.4120406250000002,0.653926963481741
-0.4120406250000002,0.6547273636818409
-0.41204062500000027,0.655527763881941
-0.19215312500000034,0.6563281640820411
-0.6807031250000001,0.6571285642821411
-0.38765312500000026,0.6579289644822411
-0.38765312500000026,0.6587293646823412
-0.4120406250000002,0.6595297648824413
-0.4120406250000002,0.6603301650825413
-2.023315625,0.6611305652826414
1.1992343749999996,0.6619309654827414
-1.5599531250000003,0.6627313656828414
-0.6804031250000007,0.6635317658829415
0.2960968749999999,0.6643321660830416
0.2960968749999999,0.6651325662831417
-0.9493656250000002,0.6659329664832416
-0.9493656250000002,0.6667333666833417
0.8086343750000002,0.6675337668834418
0.906184375,0.6683341670835418
-0.29025312500000006,0.6691345672836418
0.19829687500000004,0.6699349674837419
-0.04597812500000001,0.670735367683842
-0.04597812500000001,0.671535767883942
-0.04597812500000001,0.6723361680840421
-0.04597812499999998,0.6731365682841421
-0.04597812499999998,0.6739369684842421
-0.04597812500000001,0.6747373686843422
-0.04597812500000001,0.6755377688844423
-0.04597812499999998,0.6763381690845424
-0.04597812500000001,0.6771385692846423
-0.04597812499999998,0.6779389694847424
-0.21672812500000016,0.6787393696848425
-0.21672812500000016,0.6795397698849425
-0.2167281250000001,0.6803401700850426
-0.21672812500000013,0.6811405702851426
-0.2167281250000001,0.6819409704852427
-0.21672812500000016,0.6827413706853427
1.004046875,0.6835417708854428
-1.4375031250000003,0.6843421710855428
-0.4363656250000003,0.6851425712856428
-0.4363656250000003,0.6859429714857429
0.4421843750000001,0.686743371685843
-0.4363656250000001,0.6875437718859431
-0.16745312500000023,0.688344172086043
-0.266003125,0.6891445722861431
-0.21672812500000016,0.6899449724862432
-0.21672812500000013,0.6907453726863432
-0.2410406250000001,0.6915457728864433
-0.24104062500000006,0.6923461730865433
-0.29031562499999997,0.6931465732866434
-0.19176562500000022,0.6939469734867434
-1.485953125,0.6947473736868435
0.17359687499999998,0.6955477738869436
0.17409687499999987,0.6963481740870435
0.17409687499999987,0.6971485742871436
-0.021153125000000106,0.6979489744872437
-0.021153125000000106,0.6987493746873438
-0.46092812500000013,0.6995497748874437
-0.46092812500000013,0.7003501750875438
0.39373437499999986,0.7011505752876439
-0.8758156250000001,0.7019509754877439
0.1987343749999998,0.702751375687844
-0.6808156249999999,0.703551775887944
-0.4119781250000002,0.704352176088044
-0.4119781250000002,0.7051525762881441
-0.4119781250000002,0.7059529764882442
-0.4119781250000002,0.7067533766883443
-0.4119781250000002,0.7075537768884442
-0.4119781250000002,0.7083541770885443
-0.4119781250000002,0.7091545772886444
-0.4119781250000002,0.7099549774887444
-0.4363656250000002,0.7107553776888444
-0.4363656250000002,0.7115557778889445
0.05168437499999984,0.7123561780890446
-0.8268656250000004,0.7131565782891446
-0.4119781250000002,0.7139569784892447
-0.4119781250000002,0.7147573786893447
-0.4119781250000002,0.7155577788894447
-0.4119781250000002,0.7163581790895448
0.32059687499999984,0.7171585792896449
0.32059687499999984,0.717958979489745
-0.9006781249999999,0.7187593796898449
-0.9006781249999999,0.719559779889945
-0.31442812499999995,0.7203601800900451
-0.31442812499999995,0.7211605802901451
-0.2656531250000002,0.7219609804902452
-0.2656531250000002,0.7227613806903452
-0.7298156249999999,0.7235617808904453
0.1497343749999998,0.7243621810905453
-0.7298156249999999,0.7251625812906454
0.1497343749999998,0.7259629814907455
-0.31442812500000006,0.7267633816908454
-0.31442812499999995,0.7275637818909455
-0.26565312500000016,0.7283641820910456
-0.26565312500000016,0.7291645822911457
0.36882187500000013,0.7299649824912456
0.46737187499999994,0.7307653826913457
-1.3886781250000007,0.7315657828914458
-1.3886781250000007,0.7323661830915458
-0.48529062500000025,0.7331665832916459
-0.48529062500000025,0.7339669834917459
-0.48529062500000025,0.734767383691846
-0.48529062500000025,0.735567783891946
-0.4852906250000002,0.7363681840920461
-0.48529062500000025,0.7371685842921462
-0.48529062500000025,0.7379689844922461
-0.4852906250000003,0.7387693846923462
-0.07015312500000015,0.7395697848924463
-0.07015312500000018,0.7403701850925464
-0.9004281250000005,0.7411705852926463
-0.9004281250000005,0.7419709854927464
-0.33872812500000027,0.7427713856928465
-0.33872812500000027,0.7435717858929465
-0.33872812500000027,0.7443721860930466
-0.33872812500000027,0.7451725862931466
-0.33872812500000027,0.7459729864932467
-0.33872812500000027,0.7467733866933467
-0.33872812500000027,0.7475737868934468
-0.33872812500000027,0.7483741870935469
-0.3631156250000002,0.7491745872936468
-0.3631156250000002,0.7499749874937469
-0.3143406250000003,0.750775387693847
-0.3143406250000003,0.751575787893947
-0.6073906250000002,0.752376188094047
-0.5098406250000004,0.7531765882941471
-0.11884062500000023,0.7539769884942472
-0.11884062500000026,0.7547773886943472
0.637659375,0.7555777888944473
0.637659375,0.7563781890945473
-1.5596156250000004,0.7571785892946473
-1.5596156250000004,0.7579789894947474
-0.46097812500000024,0.7587793896948475
-0.46097812500000024,0.7595797898949476
-0.46097812500000024,0.7603801900950475
-0.46097812500000024,0.7611805902951476
0.1494093749999998,0.7619809904952477
0.1494093749999998,0.7627813906953477
-1.0713656250000003,0.7635817908954478
-1.0713656250000003,0.7643821910955478
-0.43659062500000034,0.7651825912956479
-0.43659062500000034,0.7659829914957479
0.14940937499999984,0.766783391695848
-1.1201406250000001,0.767583791895948
-1.0718031250000004,0.768384192096048
0.19874687499999988,0.7691845922961481
-0.48530312500000017,0.7699849924962482
-0.48530312500000017,0.7707853926963483
0.34472187499999984,0.7715857928964482
0.34472187499999984,0.7723861930965483
-0.8272781250000002,0.7731865932966484
-1.705828125,0.7739869934967484
-0.6808031250000003,0.7747873936968485
-0.6808031250000003,0.7755877938969485
-0.2410281250000002,0.7763881940970486
-0.2410281250000002,0.7771885942971486
-0.4609156250000003,0.7779889944972487
-0.46091562500000016,0.7787893946973488
-0.4609156250000003,0.7795897948974487
-0.4609156250000002,0.7803901950975488
-1.0223781250000001,0.7811905952976489
0.24717187499999982,0.781990995497749
-0.33832812500000026,0.782791395697849
-0.43687812500000006,0.783591795897949
-0.38760312500000016,0.7843921960980491
-0.38760312500000016,0.7851925962981491
-0.38760312500000016,0.7859929964982492
-0.38760312500000016,0.7867933966983492
-0.38760312500000016,0.7875937968984493
-0.38760312500000016,0.7883941970985493
-0.38760312500000016,0.7891945972986494
-0.38760312500000016,0.7899949974987495
-0.41199062500000005,0.7907953976988494
-0.41199062500000005,0.7915957978989495
-0.41249062500000017,0.7923961980990496
-0.3139406250000003,0.7931965982991497
-0.216865625,0.7939969984992497
-0.21686562499999998,0.7947973986993497
-0.41186562500000024,0.7955977988994498
0.07668437499999986,0.7963981990995498
-0.19222812500000008,0.7971985992996499
-0.19222812500000008,0.79799899949975
-0.1922281250000001,0.7987993996998499
-0.19222812500000008,0.79959979989995
-0.1922281250000001,0.8004002001000501
-0.19222812500000008,0.8012006003001502
0.6380468749999998,0.8020010005002501
-1.022503125,0.8028014007003502
-0.19222812500000008,0.8036018009004503
-0.19222812500000008,0.8044022011005503
-0.19222812500000008,0.8052026013006504
-0.19222812500000008,0.8060030015007504
0.051909374999999924,0.8068034017008505
0.051909374999999924,0.8076038019009505
-0.3878656250000001,0.8084042021010506
-0.3878656250000001,0.8092046023011507
-0.1435906250000003,0.8100050025012506
-0.14359062500000028,0.8108054027013507
-0.14309062500000003,0.8116058029014508
-0.24164062499999983,0.8124062031015509
-0.38761562500000024,0.8132066033016508
-0.38761562500000024,0.8140070035017509
0.05165937500000006,0.814807403701851
0.05165937500000006,0.815607803901951
0.24740937499999993,0.8164082041020511
0.24740937499999993,0.8172086043021511
-0.5833656250000001,0.8180090045022512
-0.5833656250000001,0.8188094047023512
-0.5586781250000001,0.8196098049024513
-0.5586781250000001,0.8204102051025514
-0.3144031250000001,0.8212106053026513
-0.3144031250000001,0.8220110055027514
-1.266815625,0.8228114057028515
0.3937343749999998,0.8236118059029516
-0.43654062500000007,0.8244122061030515
-0.436540625,0.8252126063031516
-0.7539281250000001,0.8260130065032517
-0.7539281250000001,0.8268134067033517
-0.11915312500000005,0.8276138069034518
-0.11915312500000003,0.8284142071035518
-0.43654062500000007,0.8292146073036519
-0.4365406250000001,0.8300150075037519
-0.6808156250000001,0.830815407703852
-0.192265625,0.8316158079039521
-0.24097812500000015,0.832416208104052
-0.24097812500000015,0.8332166083041521
-0.24097812500000015,0.8340170085042522
-0.24097812500000015,0.8348174087043523
-0.46086562500000017,0.8356178089044523
-0.4608656250000001,0.8364182091045523
-0.02109062500000014,0.8372186093046524
-0.02109062500000014,0.8380190095047524
-0.36311562500000016,0.8388194097048525
-0.36311562500000016,0.8396198099049526
-0.11884062500000017,0.8404202101050526
-0.11884062500000017,0.8412206103051526
-0.24097812500000015,0.8420210105052527
-0.24097812500000015,0.8428214107053528
-0.24097812500000015,0.8436218109054527
-0.24097812500000018,0.8444222111055528
-0.36316562500000016,0.8452226113056529
-0.36316562500000016,0.8460230115057529
-0.36316562500000016,0.846823411705853
-0.36316562500000016,0.847623811905953
-0.36316562500000016,0.8484242121060531
-0.36316562500000016,0.8492246123061531
-0.36316562500000016,0.8500250125062532
-0.36316562500000016,0.8508254127063533
-0.36316562500000016,0.8516258129064532
-0.36316562500000016,0.8524262131065533
-0.6074406250000002,0.8532266133066534
-0.11889062500000014,0.8540270135067535
-0.8273281249999999,0.8548274137068534
0.05222187499999986,0.8556278139069535
-0.3387781250000004,0.8564282141070536
-0.3387781250000004,0.8572286143071536
-0.2655281250000001,0.8580290145072537
-0.26552812500000017,0.8588294147073537
-0.3143031250000001,0.8596298149074538
-0.3143031250000001,0.8604302151075538
0.5403593749999998,0.8612306153076539
-1.120190625,0.862031015507754
-0.2899156250000001,0.8628314157078539
-0.2899156250000001,0.863631815907954
-0.2899156250000001,0.8644322161080541
-0.2899156250000001,0.8652326163081542
-0.2899156250000001,0.8660330165082541
-0.2899156250000001,0.8668334167083542
0.22272187499999974,0.8676338169084543
0.22272187499999974,0.8684342171085543
-0.36277812500000034,0.8692346173086544
-1.242328125,0.8700350175087544
0.003284374999999895,0.8708354177088545
-1.266265625,0.8716358179089545
0.6375593750000003,0.8724362181090546
0.540009375,0.8732366183091547
0.1985343750000001,0.8740370185092546
0.19853437500000004,0.8748374187093547
-0.24124062499999996,0.8756378189094548
-0.24124062499999993,0.8764382191095549
-0.14349062499999996,0.8772386193096549
-0.14349062499999998,0.8780390195097549
0.10078437500000004,0.878839419709855
0.10078437500000004,0.879639819909955
-0.021353124999999973,0.8804402201100551
-0.021353124999999973,0.8812406203101552
-0.021353124999999973,0.8820410205102552
-0.021353124999999973,0.8828414207103552
-0.5584156250000004,0.8836418209104553
-0.5584156250000004,0.8844422211105554
-0.5584156250000004,0.8852426213106553
-0.5584156250000004,0.8860430215107554
-0.5584156250000004,0.8868434217108555
-0.5584156250000004,0.8876438219109556
-0.5584156250000004,0.8884442221110556
-0.5584156250000004,0.8892446223111556
-0.5584156250000004,0.8900450225112557
-0.5584156250000004,0.8908454227113557
0.46735937499999924,0.8916458229114558
-1.5841906250000002,0.8924462231115559
-1.0715531250000006,0.8932466233116558
-1.0715531250000006,0.8940470235117559
-0.045278125000000335,0.894847423711856
-0.045278125000000335,0.8956478239119561
-0.3387906250000002,0.896448224112056
-0.3387906250000002,0.8972486243121561
-0.33879062500000023,0.8980490245122562
-0.3387906250000002,0.8988494247123562
-0.2164031250000002,0.8996498249124563
-0.2164031250000002,0.9004502251125563
-0.4611781250000001,0.9012506253126564
-0.46117812500000016,0.9020510255127564
-0.11865312500000019,0.9028514257128564
-0.11865312500000019,0.9036518259129566
-0.3146531250000002,0.9044522261130564
-0.8032031250000002,0.9052526263131566
-0.33879062500000023,0.9060530265132568
-0.3387906250000002,0.9068534267133568
-0.33879062500000023,0.9076538269134568
-0.3387906250000002,0.9084542271135568
-0.8761156250000002,0.9092546273136568
-0.8761156250000002,0.9100550275137568
-0.24084062500000025,0.910855427713857
-0.24084062500000025,0.911655827913957
-0.7783656250000002,0.9124562281140572
-0.7783656250000002,0.9132566283141572
1.077184375,0.9140570285142572
-1.7543656250000004,0.9148574287143572
-0.5584781250000002,0.9156578289144572
-0.5584781250000002,0.9164582291145572
-0.5584781250000002,0.9172586293146574
-0.5584781250000002,0.9180590295147576
-0.5584781250000002,0.9188594297148576
-0.5584781250000002,0.9196598299149576
-0.5584781250000002,0.9204602301150576
-0.5584781250000002,0.9212606303151576
-0.14360312500000003,0.9220610305152576
-0.14360312500000003,0.9228614307153578
0.6866718749999998,0.9236618309154578
-0.9738781249999999,0.9244622311155578
-0.14360312500000003,0.925262631315658
-0.14360312500000005,0.926063031515758
-0.778378125,0.926863431715858
0.4911718749999999,0.927663831915958
-0.14360312500000003,0.928464232116058
-0.14360312500000003,0.9292646323161582
-0.5833781249999999,0.9300650325162582
0.29617187499999986,0.9308654327163582
-0.167990625,0.9316658329164584
-0.16799062500000003,0.9324662331165584
0.9065593749999996,0.9332666333166584
-1.1449906249999997,0.9340670335167583
-0.4121031250000001,0.9348674337168584
-0.41210312500000024,0.9356678339169584
-0.41210312500000024,0.9364682341170586
-0.4121031250000002,0.9372686343171588
0.4181718749999997,0.9380690345172586
-1.242378125,0.9388694347173588
0.4181718749999997,0.9396698349174588
-1.242378125,0.9404702351175588
-0.4121031250000002,0.9412706353176588
-0.4121031250000002,0.942071035517759
-0.16782812500000013,0.942871435717859
-0.6563781250000003,0.943671835917959
-1.0227406250000004,0.9444722361180592
-1.0227406250000004,0.9452726363181592
0.1985343750000001,0.9460730365182592
0.1985343750000001,0.9468734367183592
-0.143640625,0.9476738369184592
-0.24119062500000016,0.9484742371185594
-0.1924156250000001,0.9492746373186594
-0.19241562500000006,0.9500750375187594
-0.1924156250000001,0.9508754377188596
-0.19241562500000003,0.9516758379189596
-0.1924156250000001,0.9524762381190596
-0.1924156250000001,0.9532766383191597
-0.3143031250000002,0.9540770385192596
-0.3143031250000002,0.9548774387193596
0.17374687500000008,0.9556778389194598
-0.314803125,0.95647823911956
-0.31480312500000013,0.9572786393196598
-0.31480312500000013,0.95807903951976
-0.07002812500000002,0.95887943971986
-0.070028125,0.95967983991996
-0.3388531250000001,0.96048024012006
-0.33885312500000014,0.96128064032016
0.29592187499999983,0.9620810405202602
-0.9736281250000001,0.9628814407203602
0.10092187499999972,0.9636818409204604
-0.778628125,0.9644822411205604
-0.09457812500000007,0.9652826413206604
-0.5831281250000002,0.9660830415207604
-0.5831281250000002,0.9668834417208604
-0.0945781250000001,0.9676838419209606
-0.387628125,0.9684842421210604
-0.2900781250000003,0.9692846423211606
-1.1447406250000003,0.9700850425212608
1.296809375,0.9708854427213608
-0.7537406250000002,0.9716858429214608
-0.7537406250000002,0.9724862431215608
-0.5341781250000001,0.9732866433216608
-0.5341781250000001,0.9740870435217608
0.10059687499999997,0.974887443721861
0.10059687499999997,0.9756878439219612
-0.21679062500000001,0.9764882441220613
-0.21679062500000001,0.9772886443221612
-0.21679062500000004,0.9780890445222612
-0.21679062500000007,0.9788894447223612
-0.21679062500000007,0.9796898449224613
-0.21679062500000001,0.9804902451225612
-0.21679062500000001,0.9812906453226614
-0.21679062500000004,0.9820910455227616
-0.5341781250000001,0.9828914457228616
-0.5341781250000001,0.9836918459229615
0.10059687499999997,0.9844922461230616
0.10059687499999997,0.9852926463231616
-0.387603125,0.9860930465232616
-0.387603125,0.9868934467233618
-0.38760312499999994,0.9876938469234618
-0.387603125,0.9884942471235618
0.05217187499999987,0.989294647323662
-0.8273781249999999,0.990095047523762
-0.387603125,0.990895447723862
-0.38760312500000005,0.991695847923962
-0.33882812500000015,0.992496248124062
-0.43637812499999984,0.993296648324162
-0.43637812500000006,0.9940970485242622
-0.3388281249999999,0.9948974487243624
-0.6318781250000001,0.9956978489244624
-0.14332812499999992,0.9964982491245624
-0.38760312500000005,0.9972986493246624
-0.387603125,0.9980990495247624
-0.3876656250000002,0.9988994497248624
-0.38766562500000024,0.9996998499249624
-0.38766562500000024,1.0005002501250626
-0.3876656250000001,1.001300650325163
-0.38766562500000024,1.0021010505252628
-0.3876656250000002,1.0029014507253629
-0.3876656250000002,1.0037018509254627
-0.3876656250000002,1.0045022511255628
-0.36327812500000023,1.0053026513256629
-0.3632781250000003,1.006103051525763
-0.8513281250000002,1.006903451725863
0.027221875000000006,1.0077038519259631
-0.3876656250000002,1.0085042521260632
-0.3876656250000002,1.009304652326163
-0.3876656250000001,1.0101050525262631
-0.38766562500000024,1.0109054527263632
-0.07029062499999994,1.011705852926463
-0.07029062499999994,1.0125062531265634
-0.11956562499999984,1.0133066533266637
-0.021015625000000093,1.0141070535267631
-0.07029062499999994,1.0149074537268634
-0.070290625,1.0157078539269635
-0.021515625000000094,1.0165082541270636
-0.11906562499999984,1.0173086543271637
-0.19242812499999995,1.0181090545272635
-0.19242812499999995,1.0189094547273638
0.051846875000000014,1.0197098549274637
0.051846875000000014,1.0205102551275638
0.954984375,1.021310655327664
-1.0955656249999999,1.022111055527764
-0.070290625,1.022911455727864
-0.07029062499999997,1.023711855927964
-0.33879062500000023,1.0245122561280642
-0.3387906250000002,1.025312656328164
-1.5595656250000003,1.026113056528264
0.881984375,1.0269134567283642
-0.778565625,1.0277138569284645
0.10098437499999968,1.0285142571285644
-0.3387906250000002,1.0293146573286645
-0.33879062500000023,1.0301150575287643
-0.3387906250000002,1.0309154577288644
-0.3387906250000002,1.0317158579289645
0.881984375,1.0325162581290646
-1.5595656250000003,1.0333166583291646
-0.0945156250000001,1.0341170585292647
-0.5830656250000003,1.0349174587293648
-0.09451562500000013,1.0357178589294649
-0.5830656250000003,1.0365182591295647
-0.5100031249999999,1.0373186593296648
0.36954687499999983,1.038119059529765
-0.07022812500000003,1.038919459729865
-0.070228125,1.039719859929965
-0.11950312499999993,1.0405202601300652
-0.020953125000000128,1.0413206603301652
-0.11900312499999988,1.042121060530265
-0.02145312500000013,1.0429214607303652
0.17404687500000005,1.0437218609304653
-0.31450312500000005,1.0445222611305651
-0.070228125,1.0453226613306654
-0.070228125,1.0461230615307655
1.1751843749999997,1.0469234617308656
-0.8763656249999996,1.0477238619309654
-0.289865625,1.0485242621310655
-0.289865625,1.0493246623311656
-0.04585312500000005,1.0501250625312657
-0.04585312500000005,1.0509254627313658
-0.04585312500000005,1.051725862931466
-0.04585312500000005,1.052526263131566
-0.04585312500000005,1.0533266633316658
-0.04585312500000005,1.054127063531766
-0.04585312500000005,1.054927463731866
-0.04585312500000005,1.055727863931966
0.0762843749999999,1.056528264132066
0.07628437499999996,1.0573286643321662
-0.16799062500000006,1.0581290645322663
-0.16799062500000003,1.0589294647323662
0.002921875000000018,1.0597298649324662
-0.09462812500000017,1.0605302651325663
-0.04585312500000005,1.0613306653326664
-0.04585312500000005,1.0621310655327665
-0.2407531250000003,1.0629314657328666
-0.3393031250000001,1.0637318659329666
-0.3388031250000002,1.0645322661330665
-0.3388031250000002,1.0653326663331666
-1.8528281250000003,1.066133066533267
0.588721875,1.0669334667333668
0.44299687499999957,1.0677338669334668
-0.43655312500000015,1.068534267133567
-0.3144156250000002,1.069334667333667
-0.3144156250000002,1.0701350675337669
-0.36319062500000004,1.070935467733867
-0.26564062500000035,1.071735867933967
-0.2651406250000003,1.072536268134067
-0.3636906250000001,1.0733366683341672
-0.3144156250000002,1.0741370685342673
-0.3144156250000002,1.0749374687343674
-0.5585406250000003,1.0757378689344672
-0.5585406250000003,1.0765382691345673
-0.5585406250000003,1.0773386693346674
-0.5585406250000003,1.0781390695347677
-0.5585406250000003,1.0789394697348675
-0.5585406250000003,1.0797398699349676
-1.3888156250000003,1.0805402701350677
0.27173437499999953,1.0813406703351676
-0.5585406250000003,1.0821410705352676
-0.5585406250000003,1.0829414707353675
-0.5585406250000003,1.0837418709354678
-0.5585406250000003,1.084542271135568
-0.7299531250000001,1.085342671335668
-0.6314031250000004,1.086143071535768
-0.4364031250000004,1.086943471735868
-0.43640312500000045,1.087743871935968
0.0,1.088544272136068
0.0,1.0893446723361682
-0.24427500000000005,1.0901450725362682
0.24427500000000002,1.0909454727363683
-0.24427500000000002,1.0917458729364684
0.24427500000000002,1.0925462731365685
0.0,1.0933466733366684
0.0,1.0941470735367684
0.0,1.0949474737368683
0.0,1.0957478739369686
0.0,1.096548274137069
0.0,1.0973486743371688
-0.7081375000000002,1.0981490745372686
-0.7081375000000002,1.0989494747373687
0.7081375000000002,1.0997498749374688
0.7081375000000002,1.1005502751375689
-0.4855656250000001,1.101350675337669
0.0029843749999999836,1.102151075537769
-0.4855656250000001,1.1029514757378691
0.002984374999999928,1.103751875937969
0.2715968749999999,1.104552276138069
0.2715968749999999,1.1053526763381691
-0.7541781250000001,1.1061530765382692
-0.7541781250000001,1.1069534767383693
-0.558928125,1.1077538769384694
-0.558928125,1.1085542771385697
0.07634687499999981,1.109354677338669
0.07634687499999981,1.1101550775387694
-0.21690312500000006,1.1109554777388695
-0.21690312500000009,1.1117558779389696
-0.2656781250000001,1.1125562781390697
-0.2656781250000001,1.1133566783391695
-0.11904062500000007,1.1141570785392696
-0.11904062500000001,1.1149574787393697
0.125234375,1.1157578789394698
-0.3633156250000001,1.1165582791395698
-0.11904062500000004,1.11735867933967
-0.11904062500000004,1.11815907953977
-0.5583156250000001,1.11895947973987
0.32023437500000007,1.11975987993997
-0.11904062500000007,1.12056028014007
-0.11904062500000007,1.12136068034017
-0.11904062500000007,1.1221610805402702
-0.11904062500000004,1.1229614807403705
0.125234375,1.1237618809404704
-0.36331562500000003,1.1245622811405704
-0.11904062500000007,1.1253626813406703
-0.11904062500000001,1.1261630815407704
-0.14360312500000003,1.1269634817408705
-0.143603125,1.1277638819409703
-0.09482812500000015,1.1285642821410706
-0.1923781249999999,1.1293646823411707
-0.21696562500000016,1.1301650825412708
-0.31451562499999985,1.1309654827413709
-0.46124062499999985,1.1317658829414707
0.4183093749999998,1.1325662831415708
-0.4609906250000001,1.133366683341671
-0.4609906250000001,1.134167083541771
0.173784375,1.134967483741871
0.173784375,1.1357678839419711
-0.14360312500000003,1.136568284142071
-0.143603125,1.137368684342171
-0.14360312500000003,1.1381690845422712
-0.143603125,1.1389694847423713
-0.16779062500000005,1.1397698849424711
-0.16779062500000008,1.1405702851425714
-0.11851562500000018,1.1413706853426715
-0.21706562499999998,1.1421710855427714
-0.1677906250000001,1.1429714857428714
-0.16779062500000008,1.1437718859429715
0.07648437499999994,1.1445722861430716
-0.4120656250000001,1.1453726863431717
1.052984375,1.1461730865432718
-1.3885656250000002,1.146973486743372
-0.16779062500000008,1.1477738869434717
-0.16779062500000008,1.1485742871435718
-0.16779062500000008,1.149374687343672
-0.1677906250000001,1.150175087543772
-0.16779062500000008,1.150975487743872
-0.16779062500000008,1.151775887943972
-0.24109062500000014,1.1525762881440722
-0.24109062500000017,1.153376688344172
-0.2898656250000001,1.154177088544272
-0.2898656250000001,1.1549774887443722
-0.631390625,1.1557778889444723
-0.5338406250000004,1.1565782891445724
0.49143437499999976,1.1573786893446725
-0.38811562499999996,1.1581790895447726
-0.2654781250000002,1.1589794897448724
-0.2654781250000002,1.1597798899449725
-0.2654781250000002,1.1605802901450726
-0.2654781250000002,1.1613806903451729
-0.2654781250000001,1.1621810905452727
-0.2654781250000002,1.1629814907453728
0.3692968749999998,1.163781890945473
-0.9002531250000001,1.1645822911455728
0.6624843749999998,1.1653826913456728
-0.998065625,1.166183091545773
-0.1677906250000001,1.166983491745873
-0.16779062500000014,1.167783891945973
-0.16779062500000014,1.1685842921460732
-0.16779062500000014,1.1693846923461733
-0.16779062500000014,1.1701850925462731
-0.16779062500000017,1.1709854927463732
-0.16779062500000014,1.1717858929464733
-0.16779062500000014,1.1725862931465734
-0.16779062500000017,1.1733866933466734
-0.1677906250000001,1.1741870935467735
-0.16779062500000017,1.1749874937468736
-0.16779062500000014,1.1757878939469737
-0.16779062500000014,1.1765882941470736
-0.16779062500000014,1.1773886943471736
-0.6561781250000002,1.1781890945472735
-0.6561781250000002,1.1789894947473738
-0.021403125000000134,1.179789894947474
-0.021403125000000134,1.180590295147574
-0.29001562500000033,1.1813906953476738
-0.387565625,1.182191095547774
-1.3645656249999998,1.182991495747874
0.6869843749999995,1.183791895947974
-0.3387906250000001,1.1845922961480742
-0.3387906250000002,1.1853926963481742
-0.3387906250000002,1.1861930965482743
-0.3387906250000001,1.1869934967483742
-0.3387906250000002,1.1877938969484745
-0.3387906250000002,1.1885942971485743
-0.3387906250000001,1.1893946973486744
-0.33879062500000023,1.1901950975487745
-0.31429062500000016,1.1909954977488746
-0.31429062500000016,1.191795897948975
-0.31429062500000016,1.1925962981490743
-0.31429062500000016,1.1933966983491746
-1.1196781250000003,1.1941970985492747
0.5398718749999998,1.1949974987493748
-0.33867812500000005,1.1957978989494749
-0.33867812500000005,1.196598299149575
-1.8036781250000005,1.197398699349675
-1.8036781250000005,1.1981990995497749
1.1750968750000002,1.198999499749875
1.1750968750000002,1.199799899949975
-0.7294281250000003,1.2006003001500751
-0.7294281250000003,1.2014007003501752
0.05207187499999988,1.2022011005502753
0.14962187500000002,1.2030015007503754
-0.19222812500000014,1.2038019009504752
-0.1922281250000001,1.204602301150575
-0.4365031250000002,1.2054027013506754
0.05204687499999988,1.2062031015507757
-0.19222812500000014,1.2070035017508756
-0.19222812500000014,1.2078039019509756
-0.19222812500000014,1.2086043021510755
-0.1922281250000001,1.2094047023511756
-0.19222812500000014,1.2102051025512757
-0.19222812500000014,1.2110055027513758
-0.19222812500000014,1.2118059029514758
-0.19222812500000017,1.212606303151576
-0.19222812500000014,1.213406703351676
-0.19222812500000014,1.214207103551776
-0.19222812500000017,1.215007503751876
-0.19222812500000014,1.215807903951976
-0.46079062500000023,1.216608304152076
-0.46079062500000023,1.2174087043521762
-0.46079062500000023,1.2182091045522765
-0.46079062500000023,1.2190095047523763
-0.46079062500000023,1.2198099049524762
-0.46079062500000023,1.2206103051525763
-0.46079062500000023,1.2214107053526764
-0.46079062500000023,1.2222111055527765
-0.04565312500000013,1.2230115057528763
-0.04565312500000013,1.2238119059529766
-0.8759281250000004,1.2246123061530767
-0.8759281250000004,1.2254127063531766
-0.5831781250000002,1.2262131065532766
-0.5831781250000002,1.2270135067533767
-0.28962812500000024,1.2278139069534768
-0.3871781250000004,1.228614307153577
0.027221875000000062,1.229414707353677
-0.8513281250000001,1.230215107553777
-0.16777812500000025,1.231015507753877
-0.16777812500000028,1.231815907953977
-0.24114062500000027,1.232616308154077
-0.338690625,1.2334167083541772
-0.9246906250000001,1.2342171085542772
0.34485937499999986,1.235017508754377
-0.2899156250000001,1.2358179089544774
-0.2899156250000001,1.2366183091545773
-0.2899156250000001,1.2374187093546771
-0.2899156250000001,1.2382191095547774
0.12522187499999998,1.2390195097548775
0.12522187499999998,1.2398199099549776
-0.7050531250000003,1.2406203101550777
-0.7050531250000003,1.2414207103551778
0.1494718749999998,1.2422211105552776
0.1494718749999998,1.2430215107553777
-1.0713031250000002,1.2438219109554778
-1.0713031250000002,1.244622311155578
-0.4609156250000003,1.245422711355678
-0.4609156250000002,1.246223111555778
-0.4609156250000002,1.247023511755878
-0.4609156250000002,1.247823911955978
-0.4362781250000002,1.248624312156078
-0.4362781250000002,1.249424712356178
-0.48555312500000025,1.2502251125562782
-0.48555312500000025,1.2510255127563783
-0.2410281250000002,1.2518259129564784
-0.24102812500000023,1.2526263131565785
-0.6808031250000003,1.2534267133566783
-0.6808031250000003,1.2542271135567784
-0.31426562500000044,1.2550275137568785
-0.8028156250000003,1.2558279139569786
-0.5585406250000003,1.2566283141570789
-0.5585406250000003,1.2574287143571787
-0.5829281250000002,1.2582291145572788
-0.5829281250000002,1.259029514757379
-0.5341531250000003,1.2598299149574788
-0.5341531250000003,1.2606303151575788
-0.5585406250000003,1.261430715357679
-0.5585406250000003,1.262231115557779
-0.5585406250000003,1.263031515757879
-0.5585406250000003,1.2638319159579792
0.27173437499999953,1.264632316158079
-1.3888156250000003,1.265432716358179
-0.5585406250000003,1.2662331165582792
-0.5585406250000003,1.2670335167583793
-0.4608531250000002,1.2678339169584794
-0.4608531250000002,1.2686343171585794
-0.7051281250000002,1.2694347173586795
-0.21657812500000015,1.2702351175587794
-0.4608531250000002,1.2710355177588797
-0.4608531250000002,1.2718359179589795
-0.4608531250000002,1.2726363181590796
-0.4608531250000002,1.2734367183591797
-0.4608531250000002,1.2742371185592798
-0.4608531250000002,1.27503751875938
-1.0956281250000002,1.2758379189594795
0.17392187499999978,1.2766383191595798
-0.4608531250000002,1.27743871935968
-0.4608531250000002,1.27823911955978
-0.21657812500000018,1.27903951975988
-0.7051281250000002,1.27983991995998
-0.1433156250000001,1.2806403201600802
-0.2408656250000003,1.28144072036018
-0.6318656250000002,1.2822411205602802
-0.6318656250000002,1.2830415207603802
-0.4119781250000002,1.2838419209604803
-0.4119781250000002,1.2846423211605804
-0.4119781250000002,1.2854427213606805
-0.4119781250000002,1.2862431215607806
-0.4119781250000002,1.2870435217608804
-0.4119781250000002,1.2878439219609803
-0.4119781250000002,1.2886443221610806
-0.4119781250000002,1.289444722361181
-0.3627031250000003,1.2902451225612808
-0.4612531250000001,1.2910455227613808
-0.4119781250000002,1.291845922961481
-0.4119781250000002,1.2926463231615808
-0.46094062500000005,1.2934467233616809
-0.36339062500000036,1.294247123561781
-0.4121656250000002,1.295047523761881
-0.4121656250000002,1.2958479239619811
-0.4121656250000002,1.2966483241620812
-0.4121656250000002,1.2974487243621813
-0.4121656250000002,1.2982491245622811
-0.4121656250000002,1.2990495247623812
-0.4121656250000002,1.2998499249624813
-0.4121656250000002,1.3006503251625814
-0.4121656250000002,1.3014507253626817
-0.4121656250000002,1.3022511255627816
-0.3875281250000002,1.3030515257628814
-0.3875281250000002,1.3038519259629815
-0.4368031250000002,1.3046523261630816
-0.4368031250000002,1.3054527263631817
-0.21685312500000006,1.3062531265632815
-0.21685312500000006,1.3070535267633818
-0.2168531250000001,1.307853926963482
-0.21685312500000006,1.3086543271635818
-0.09446562500000011,1.3094547273636818
-0.09446562500000011,1.310255127563782
-0.339240625,1.311055527763882
-0.339240625,1.311855927963982
-0.21685312500000006,1.3126563281640822
-0.2168531250000001,1.3134567283641825
-0.21685312500000006,1.314257128564282
-0.2168531250000001,1.3150575287643822
-0.2168531250000001,1.3158579289644825
-0.2168531250000001,1.3166583291645824
-0.21685312500000004,1.3174587293646824
-0.21685312500000006,1.3182591295647823
-0.5102656249999998,1.3190595297648826
-0.4117156250000001,1.3198599299649825
0.17428437499999988,1.3206603301650826
0.17428437499999988,1.3214607303651826
-0.36349062500000007,1.3222611305652827
-0.36349062500000007,1.3230615307653828
0.0767843749999999,1.3238619309654829
0.07678437499999996,1.324662331165583
-0.14335312500000005,1.3254627313656828
-0.14335312500000008,1.326263131565783
-0.14335312500000008,1.327063531765883
-0.14335312500000008,1.327863931965983
-0.16774062499999992,1.3286643321660832
-0.16774062499999992,1.3294647323661832
-0.11896562500000019,1.330265132566283
-0.11896562500000019,1.3310655327663832
-0.143578125,1.3318659329664833
-0.24112812500000022,1.3326663331665831
-0.19235312500000012,1.3334667333666834
-0.19235312500000012,1.3342671335667835
-0.19235312500000012,1.3350675337668836
-0.1923531250000001,1.3358679339669837
-0.19235312500000015,1.3366683341670835
-0.19235312500000015,1.3374687343671836
-0.8027406250000002,1.3382691345672837
-0.8027406250000002,1.3390695347673838
0.41803437499999985,1.339869934967484
0.41803437499999985,1.340670335167584
-0.1923531250000001,1.341470735367684
-0.1923531250000001,1.342271135567784
-0.19235312500000015,1.343071535767884
-0.1923531250000001,1.343871935967984
-0.3632906250000002,1.344672336168084
-0.3632906250000002,1.3454727363681842
-0.3632906250000002,1.3462731365682843
-0.3632906250000002,1.3470735367683844
-0.41206562500000027,1.3478739369684842
-0.31451562500000013,1.3486743371685843
-0.3632906250000002,1.3494747373686844
-0.3632906250000002,1.3502751375687845
-0.31451562500000035,1.3510755377688846
-0.41206562500000005,1.3518759379689846
-0.3632906250000002,1.3526763381690847
-0.3632906250000002,1.3534767383691846
-0.3632906250000002,1.3542771385692849
-0.3632906250000002,1.3550775387693847
-0.3632906250000002,1.3558779389694848
-0.3632906250000002,1.356678339169585
-0.1679031250000002,1.357478739369685
-0.16790312500000018,1.358279139569785
-0.9981781250000005,1.359079539769885
-0.9981781250000005,1.359879939969985
-0.5830406250000003,1.360680340170085
-0.5830406250000003,1.3614807403701852
-0.6318156250000002,1.3622811405702853
-0.5342656250000004,1.3630815407703851
-0.2654031250000004,1.3638819409704854
-0.2654031250000004,1.3646823411705853
-0.9006781250000002,1.3654827413706854
-0.9006781250000002,1.3662831415707857
-0.0704031250000004,1.3670835417708855
-0.0704031250000004,1.3678839419709856
-0.26590312500000024,1.3686843421710857
-1.9254531250000002,1.3694847423711858
-0.5096281250000001,1.3702851425712856
-0.41207812500000035,1.3710855427713855
-0.21657812500000012,1.3718859429714858
-0.7051281250000002,1.372686343171586
-0.4362156250000002,1.373486743371686
-0.4362156250000002,1.374287143571786
-0.4854906250000002,1.375087543771886
-0.4854906250000002,1.375887943971986
-0.021078125000000336,1.376688344172086
-0.9006281250000001,1.3774887443721862
-0.21657812500000018,1.3782891445722862
-0.7051281250000002,1.3790895447723863
-0.4608531250000002,1.3798899449724864
-0.4608531250000002,1.3806903451725865
-0.4608531250000002,1.3814907453726863
-0.4608531250000002,1.3822911455727864
-0.38779062500000006,1.3830915457728865
-0.38779062500000006,1.3838919459729866
-0.38779062500000006,1.384692346173087
-0.38779062500000006,1.3854927463731868
-0.38779062500000006,1.3862931465732868
-0.38779062500000006,1.3870935467733867
-0.3390156250000002,1.3878939469734868
-0.43656562499999985,1.3886943471735869
-0.14351562499999998,1.389494747373687
-0.6320656250000001,1.390295147573787
-0.38779062500000006,1.391095547773887
-0.38779062500000006,1.3918959479739872
-0.33901562500000015,1.392696348174087
-0.4365656249999999,1.3934967483741871
-0.38779062500000006,1.3942971485742872
-0.38779062500000006,1.3950975487743873
0.11322812500000007,1.3958979489744874
0.11322812500000007,1.3966983491745877
0.11322812500000007,1.3974987493746875
0.11322812500000007,1.3982991495747874
0.23511562500000005,1.3990995497748877
0.23511562500000005,1.3998999499749876
-0.008659374999999914,1.4007003501750876
-0.008659374999999914,1.4015007503751875
0.11322812500000007,1.4023011505752878
0.11322812500000007,1.4031015507753877
-0.3265468749999998,1.4039019509754878
0.5530031249999999,1.4047023511755878
0.11322812500000007,1.405502751375688
0.11322812500000007,1.406303151575788
0.11322812500000007,1.407103551775888
0.11322812500000007,1.4079039519759882
-0.02463749999999998,1.408704352176088
-0.024637499999999923,1.409504752376188
0.02463749999999998,1.4103051525762882
0.02463749999999998,1.4111055527763885
-0.3176374999999999,1.4119059529764884
-0.3176374999999999,1.4127063531765884
0.3176374999999999,1.4135067533766883
0.3176374999999999,1.4143071535767884
0.0,1.4151075537768885
0.0,1.4159079539769883
0.0,1.4167083541770886
0.0,1.4175087543771887
0.24427500000000002,1.4183091545772888
-0.24427500000000008,1.4191095547773889
0.0,1.4199099549774887
0.0,1.4207103551775888
-0.3143531250000002,1.421510755377689
-0.3143531250000002,1.422311155577789
-0.3636281250000001,1.423111555777889
-0.2650781250000003,1.4239119559779891
-0.2655781250000001,1.4247123561780892
-0.36312812500000025,1.425512756378189
-0.0700781250000001,1.4263131565782892
-0.5586281250000003,1.4271135567783892
-0.3143531250000002,1.427913956978489
-0.3143531250000001,1.4287143571785894
-0.3143531250000002,1.4295147573786895
-0.3143531250000002,1.4303151575787896
0.3204218749999998,1.4311155577788894
-0.9491281250000001,1.4319159579789895
-0.3143531250000002,1.4327163581790896
-0.3143531250000002,1.4335167583791897
-0.607353125,1.4343171585792898
-0.607353125,1.4351175587793898
-0.1675781250000002,1.43591795897949
-1.047128125,1.4367183591795898
-0.607353125,1.43751875937969
-0.607353125,1.43831915957979
-1.4376281249999998,1.43911955977989
0.22292187499999983,1.43991995997999
-0.607353125,1.4407203601800902
-0.607353125,1.4415207603801905
-1.2426281250000002,1.44232116058029
0.027921875000000096,1.4431215607803902
-0.607353125,1.4439219609804903
-0.607353125,1.4447223611805904
-0.656128125,1.4455227613806905
-0.5585781250000001,1.4463231615807906
0.27165937500000004,1.4471235617808906
0.27165937500000004,1.4479239619809905
-0.5586156250000003,1.4487243621810906
-0.5586156250000003,1.4495247623811909
0.1007968749999999,1.4503251625812907
-0.38775312500000014,1.4511255627813908
-0.38775312500000014,1.451925962981491
0.10079687499999995,1.452726363181591
-0.11884062500000014,1.4535267633816908
-0.11884062500000014,1.454327163581791
-0.16811562500000007,1.455127563781891
-0.16811562500000005,1.455927963981991
0.07640937499999989,1.4567283641820912
0.07640937499999989,1.4575287643821913
-0.31459062500000023,1.4583291645822911
-0.4121406249999999,1.4591295647823912
-0.8274281250000004,1.4599299649824913
-0.8274281250000004,1.4607303651825914
0.003346874999999805,1.4615307653826914
0.003346874999999805,1.4623311655827915
-0.4120406250000002,1.4631315657828916
-0.4120406250000002,1.4639319659829917
-0.4120406250000002,1.4647323661830915
-0.4120406250000002,1.4655327663831916
-0.4120406250000002,1.4663331665832915
-0.4120406250000002,1.4671335667833918
0.027734374999999645,1.467933966983492
-0.8518156250000001,1.468734367183592
-0.0949031250000002,1.469534767383692
-0.9734531250000004,1.470335167583792
-0.24062812500000036,1.471135567783892
-0.33917812500000016,1.471935967983992
-0.509853125,1.472736368184092
-0.509853125,1.4735367683841922
-0.509853125,1.4743371685842923
-0.509853125,1.4751375687843924
-0.2899656250000001,1.4759379689844925
-0.28996562500000006,1.4767383691845923
-0.7297406250000001,1.4775387693846924
-0.7297406250000001,1.4783391695847925
-0.46057812500000006,1.4791395697848926
-0.5591281249999999,1.4799399699849929
-0.509853125,1.4807403701850927
-0.509853125,1.4815407703851926
-0.509853125,1.482341170585293
-0.509853125,1.4831415707853928
0.12542187500000013,1.4839419709854929
-1.1451281250000003,1.484742371185593
-0.5829781250000002,1.485542771385693
-0.5829781250000002,1.486343171585793
-0.5829781250000002,1.487143571785893
-0.5829781250000002,1.487943971985993
-0.6317531250000001,1.4887443721860931
-0.5342031250000003,1.4895447723861932
-0.5829781250000002,1.4903451725862933
-0.5829781250000002,1.4911455727863934
-0.5829781250000002,1.4919459729864937
-0.5829781250000002,1.492746373186593
-0.5829781250000002,1.4935467733866934
-0.5829781250000002,1.4943471735867937
-0.5829781250000002,1.4951475737868936
-0.5829781250000002,1.4959479739869936
-0.5829781250000002,1.4967483741870935
-0.5829781250000002,1.4975487743871936
-0.4610531250000003,1.4983491745872937
0.02749687499999981,1.4991495747873935
0.17422187499999992,1.4999499749874938
-1.095328125,1.500750375187594
-0.28939062500000023,1.501550775387694
-0.3879406250000001,1.502351175587794
-0.3386656250000002,1.503151575787894
-0.3386656250000002,1.503951975987994
-0.8513031250000003,1.504752376188094
-0.8513031250000003,1.5055527763881942
0.1739718749999999,1.5063531765882945
0.1739718749999999,1.5071535767883943
-0.3386656250000002,1.5079539769884944
-0.3386656250000002,1.5087543771885945
0.2961093749999998,1.5095547773886944
-0.9734406250000002,1.5103551775887945
-0.6806781250000004,1.5111555777888943
-0.6806781250000004,1.5119559779889946
0.14959687499999996,1.5127563781890947
0.14959687499999996,1.5135567783891948
-0.5831781250000001,1.5143571785892946
-0.5831781250000001,1.5151575787893947
0.052096874999999765,1.5159579789894948
0.052096874999999765,1.5167583791895949
-0.2655406250000002,1.517558779389695
-0.2655406250000002,1.518359179589795
-0.2655406250000002,1.5191595797898951
-0.2655406250000002,1.519959979989995
-0.2655406250000002,1.520760380190095
-0.2655406250000002,1.5215607803901952
-0.2655406250000002,1.5223611805902952
-0.2655406250000002,1.523161580790395
-0.5586031250000002,1.5239619809904954
-0.5586031250000002,1.5247623811905957
-1.7793781250000005,1.5255627813906951
0.662171875,1.5263631815907954
0.5890593749999999,1.5271635817908955
0.10050937499999985,1.5279639819909956
-1.4619906250000005,1.5287643821910957
-1.4619906250000005,1.5295647823911958
0.10080937499999953,1.5303651825912958
-0.7787406250000002,1.5311655827913957
-0.7782406250000001,1.5319659829914958
-0.7782406250000001,1.532766383191596
1.3700593749999996,1.533566783391696
-1.852490625,1.534367183591796
-0.8759906250000002,1.535167583791896
-0.8759906250000002,1.5359679839919962
0.3937843750000002,1.536768384192096
0.3937843750000002,1.537568784392196
-0.192215625,1.5383691845922962
-0.6807656250000002,1.5391695847923963
0.8089218749999999,1.5399699849924964
-0.8516281249999998,1.5407703851925965
-0.021353124999999973,1.5415707853926963
-0.021353124999999973,1.5423711855927964
0.19878437500000012,1.5431715857928965
0.19878437500000012,1.5439719859929966
-0.241490625,1.5447723861930966
-0.24149062500000001,1.5455727863931967
-0.021353124999999973,1.5463731865932968
-0.021353124999999973,1.547173586793397
-0.021353124999999973,1.5479739869934968
-0.021353124999999973,1.5487743871935968
-0.19221562500000022,1.549574787393697
-0.19221562500000022,1.550375187593797
-0.43649062500000013,1.551175587793897
-0.43649062500000013,1.5519759879939972
-0.7536281250000003,1.5527763881940972
0.1249218749999999,1.553576788394197
-0.31435312500000023,1.5543771885942972
-0.3143531250000002,1.5551775887943973
-0.3143531250000002,1.5559779889944974
-0.3143531250000001,1.5567783891945974
-0.3143531250000002,1.5575787893946975
-0.3143531250000002,1.5583791895947976
-0.3143531250000002,1.5591795897948977
-0.3143531250000002,1.5599799899949975
-0.3143531250000002,1.5607803901950976
-0.3143531250000002,1.5615807903951977
-0.241240625,1.5623811905952978
-0.241240625,1.563181590795398
-0.1924656250000001,1.563981990995498
-0.19246562500000017,1.5647823911955978
-0.21685312500000006,1.565582791395698
-0.21685312500000006,1.566383191595798
-0.21685312500000004,1.567183591795898
-0.21685312500000004,1.567983991995998
-0.21685312500000004,1.5687843921960982
-0.21685312500000004,1.5695847923961983
-0.21685312500000006,1.5703851925962982
-0.2168531250000001,1.5711855927963982
-0.5342406250000001,1.5719859929964983
-0.5342406250000001,1.5727863931965984
0.34480937500000003,1.5735867933966985
-0.14374062500000007,1.5743871935967986
-0.1923156249999999,1.5751875937968989
-0.09476562500000019,1.5759879939969983
-0.3878156250000001,1.5767883941970986
0.10073437499999999,1.577588794397199
-0.3878156250000001,1.5783891945972988
0.10073437499999999,1.5791895947973988
-0.1435406250000001,1.579989994997499
-0.1435406250000001,1.580790395197599
-0.1435406250000001,1.5815907953976989
-0.14354062500000003,1.582391195597799
-0.1435406250000001,1.583191595797899
-0.1435406250000001,1.5839919959979991
-0.09426562500000013,1.5847923961980992
-0.19281562499999996,1.5855927963981993
-0.14354062500000003,1.5863931965982994
-0.1435406250000001,1.5871935967983992
-1.0383437499999988,1.5879939969984993
-1.0383437499999988,1.5887943971985994
-0.4035687499999987,1.5895947973986997
-0.4035687499999987,1.5903951975987995
-0.7209562499999987,1.5911955977988996
-0.7209562499999987,1.5919959979989995
-0.7209562499999987,1.5927963981990996
-0.7209562499999987,1.5935967983991997
-0.21056875000000377,1.5943971985992995
-0.21056875000000377,1.5951975987993998
-0.21056875000000377,1.5959979989995
-0.2105687500000038,1.5967983991996
-1.9737687500000085,1.5975987993996998
-37.22731875000001,1.5983991995998
-37.22731875000001,1.5991995997999
-37.22731875000001,1.6
